0	0	0.13771886665413546	0.004077263936158393	0.018944217556592063	1.7568405044489155E-5	0.37823233508796505	1.2672428503516415E-5	1.6571153121531783E-4	0.019538874411295978	0.3799947460451508	0.0029175509935651326	2.3397466321727513E-5	2.6968133408756586E-5	0.05204116880933797	0.0036262242428173603	0.0026624342984880372
1	1	0.10397648783437756	0.11312282940889597	0.004340564513358724	4.8743169879422976E-4	5.561119046121076E-4	0.0404487294560187	0.2932970078290764	0.004800339499278908	0.19781323452554733	0.028820561729170698	6.491577765767546E-4	7.482251830744874E-4	3.743895030318272E-4	3.659890984159788E-4	0.21019894003977033
2	2	0.1462503252508723	0.0020746088736867054	2.7555610909174887E-5	0.003714127578669157	0.10691266789783817	2.9283227108080704E-5	4.896597388138989E-5	0.029788052788982475	0.3397459989694841	6.267909469554699E-5	5.406645773244618E-5	0.0013981468800497979	0.35068639589515577	3.048216448147865E-5	0.019176643336453338
3	3	0.39093549122511595	0.0010149052651164047	6.908301655370802E-5	1.0177770905185758E-4	1.1611841365241035E-4	7.34142193298267E-5	1.227596512146347E-4	1.6508589216082136E-4	0.1417735309510541	0.3944992512445601	1.3554676783766414E-4	9.934768424601254E-4	9.154184413124247E-4	0.0687304607774271	3.536795831528146E-4
4	4	0.32004894583702787	2.3105230628461354E-4	0.015333839989444068	1.3236440308791975E-4	0.01757272436589547	0.4563264951833867	1.5965193270392028E-4	2.146982455949178E-4	0.1495365298873885	0.001293219953322447	1.76281891019847E-4	2.0318411785281377E-4	1.0166725556376018E-4	0.0011882429309464477	0.03748110170048075
5	5	0.32574521968875975	0.06581317033650037	1.2864529172933382E-4	0.006425941503477245	2.1623385811255505E-4	1.3671078846744323E-4	2.286010647902186E-4	3.074203156851912E-4	0.10653898832419682	0.008088137571866787	0.25282712643880595	0.13125559977568912	1.455744536414507E-4	0.0017014112804231533	0.10044121930785462
6	6	0.3958045956373225	0.022842886704301162	1.426576226822451E-4	2.1017272753420167E-4	2.3978653028864128E-4	0.3632256730967521	2.5350080059063923E-4	3.409052193853016E-4	0.08356496860568635	0.005511267183832514	0.0037377547170027673	0.04700357473901279	1.614307465169413E-4	1.5780862683356577E-4	0.07680301704225825
7	7	0.3748035299231817	1.2199483985862989E-4	4.7437411277926585E-5	0.0017946262049942517	0.022501332522594775	5.0411529341504564E-5	8.42956829841976E-5	0.04265690334680896	0.18761329383575548	0.20420192878379084	0.0029676399879573797	0.1035915752770613	0.03224879388991475	5.2475518612721135E-5	0.02726376124586556
8	8	0.30514974071079176	2.8660014944210466E-4	0.019020285506618398	1.6418644901593446E-4	1.8732068328673683E-4	1.1843084395719387E-4	0.033963822992189766	2.6631436951191675E-4	0.14496802180256116	0.30954811951067723	0.004270556896639267	2.520321025021359E-4	0.002827372426304748	1.232797345681661E-4	0.1788539158219335
9	9	0.12038917556348226	9.85156366131431E-4	3.830757740851973E-4	5.64372788344397E-4	6.438941640722935E-4	4.0709294847843914E-4	0.04710718894226409	0.07519777521616905	0.16868364338464722	8.713594773346658E-4	7.516273261430513E-4	8.663325219222372E-4	0.019004074127559736	4.2376047451906734E-4	0.5637214709248468
10	10	0.3019664779857181	8.474565900861481E-4	5.7685046726755834E-5	0.014067143369438132	0.07629972070830483	0.023830970093651472	0.24129472954943917	0.005031603727902438	0.31762814238118614	1.3121271447113952E-4	0.009201585620843574	1.3045573588497925E-4	6.527614845164393E-5	6.38115078719336E-5	0.009383728820023517
11	11	0.35822976518227706	3.20832995566093E-4	0.015244327400420846	1.837976371320172E-4	2.0969513123897209E-4	1.3257677118511972E-4	0.24515875852666252	0.050192712554782075	0.23334566166253318	2.8377309525591527E-4	2.447802753818232E-4	0.0017940932045985732	0.04398793188024054	0.009209748175047295	0.04146154550767798
12	12	0.24187147842004983	0.08804715898322303	5.2947038102059187E-5	7.800510904036012E-5	8.899620165290599E-5	5.6266585653035257E-5	0.008436005456984056	1.2652616313527614E-4	0.17924442775166655	0.3145466220554083	7.45572697627816E-4	0.036695848068403	0.005835089494468334	0.08219439047166642	0.041980665502919
13	13	0.2279856568450668	0.0068407740378314	0.0062390652291534265	3.4345628147843314E-5	0.014165895600436167	2.4774162253757458E-5	0.0195362867612972	5.570943497776685E-5	0.25804796282360254	3.355619078392363E-4	0.001458412302359258	5.272177409121868E-5	0.46309995377581226	0.00115592533365469	9.669543834763699E-4
14	14	0.12099859506785297	0.4011237739137742	2.0403935296864158E-4	3.0060438784439603E-4	3.4296021180492566E-4	2.1683172736254472E-4	0.06960191659472435	4.8758754757846406E-4	0.1195207224441654	4.6411607307466404E-4	0.005346009835811252	4.6143854346005045E-4	2.3089004603650196E-4	2.2570942587281752E-4	0.28047480482766884
15	15	0.15571167596554938	1.0714108187595409E-5	0.0014684136967033673	0.4256477504996919	7.0026972086901065E-6	4.427355943029361E-6	5.7894501622246424E-5	0.02535658559465933	0.36744198931368693	9.476505488271585E-6	0.001522913188620389	9.421834629924017E-6	4.7144042522746105E-6	4.608624301391703E-6	0.022742411709455387
16	16	0.3055743198647055	7.81877440899749E-4	0.003988706005171157	4.4791909856602635E-4	5.110318915078324E-4	3.2309266194417604E-4	5.402596779253738E-4	7.265355517578703E-4	0.2112553291315271	6.915616055119504E-4	5.965352003791921E-4	0.30283090313757705	3.440404247927091E-4	3.3632098087384095E-4	0.17105156732686055
17	17	0.4159240180610422	0.21027745230620262	0.007582754518390131	2.2578750643872613E-4	0.039262466755035856	1.628648716309926E-4	0.050421447152200496	3.6623276635370475E-4	0.17149790605548348	0.02077972297785074	3.0070205942935333E-4	3.4659194048921747E-4	1.734242408433837E-4	1.6953301584513123E-4	0.082509095772764
18	18	0.34101763968520626	0.001145317065809457	7.795994418009459E-5	1.148557910798821E-4	0.02753103372145878	8.2847691465947E-5	1.385338399173757E-4	0.13907592612383304	0.15621162755842957	0.04741870062620439	0.02755295855166095	0.13623145284781404	0.009536493098204885	8.623970810508497E-5	0.11377841374663017
19	19	0.20668432280315238	0.43963153522179793	0.0038113722766959833	2.2248165238894106E-4	2.5382980991454457E-4	1.6048029551364592E-4	0.027721045784631124	3.6087059156861344E-4	0.2293828666285659	3.434990140309182E-4	0.005786839052065023	0.042435655062947504	0.040434842886462756	1.6705080849963312E-4	0.0026033081117651014
20	20	0.1296753417708148	3.4425547543869006E-4	1.3386294528512448E-4	1.972158220314838E-4	0.38309676635093964	0.006631607470858396	2.3787276951043292E-4	0.06683574583114124	0.3817904865169399	0.008416179890355712	2.626505105277542E-4	3.027333776398199E-4	1.5147872775412235E-4	1.480799075587805E-4	0.02177572263320411
21	21	0.4014959333764624	0.01429408154968822	1.0519245047343627E-4	1.5497653624337398E-4	1.7681307340840978E-4	0.00521126319872675	1.869256609617266E-4	2.5137566946702963E-4	0.14321049649849446	0.0015141438656555376	2.063965555342057E-4	2.3789455525726906E-4	1.1903532029057606E-4	0.4322969251131989	5.385465761377656E-4
22	22	0.3359022539414024	0.01558695017267934	0.008830762358615643	5.091857649271474E-5	0.0013146932132762196	3.6728548691286265E-5	0.0038312159646709224	9.203245535536368E-4	0.15093170683543713	0.05076148594783923	0.01640361422310466	0.01850829659569499	3.9109849842250806E-5	0.36947866071652535	0.027403278502174163
23	23	0.3689183578634364	1.4392155983911626E-4	7.34208150759894E-4	7.60693843776141E-4	9.406654176990322E-5	0.37105926030723285	9.94465519758716E-5	0.04489787729984597	0.14808351931145947	0.0014837861349729527	0.06318655170458773	1.2656257644055006E-4	6.332812790569764E-5	6.190719624585132E-5	2.8651282975149044E-4
24	24	0.31945677243445375	0.016626155458853088	7.532662963588369E-5	1.1097621640447171E-4	0.0010395262270159525	0.009209181439166178	0.022956684871956883	0.060432278345310175	0.19384206531477163	0.025732911011268206	0.2986704188859633	0.0029090921301516983	8.523928708535302E-5	8.332672144212624E-5	0.04877004502652125
25	25	0.2955421941453479	2.8776614755592875E-4	1.1189720081024754E-4	0.0015209808533042074	1.880827748760739E-4	0.5235837152394657	0.01647235709641487	2.673978373786977E-4	0.1279281630908418	0.011103537300742292	0.021917574751896353	2.5305746468953414E-4	1.266223866648138E-4	1.2378128328772897E-4	5.728724267239734E-4
26	26	0.2737812791387694	2.715621525870597E-4	1.055963148500344E-4	0.02703060509100371	1.7749191016280707E-4	1.1221674161832414E-4	0.03218173088813443	0.023288083820673686	0.3037307610246074	2.4019360121616288E-4	0.1691359713164272	2.3880790156513294E-4	1.1949233146586428E-4	0.0013965747120770575	0.16818963305484175
27	27	0.3469640759172301	0.008521829907392593	5.322024362455798E-5	7.840761364376906E-5	0.04523925808240698	0.02456644979381897	0.031054436386066267	0.03108704371804513	0.08212975346097658	0.3613194781936448	0.01429436063464097	0.003990341591404957	6.0223796643957035E-5	7.038696996405051E-4	0.04993725096081984
28	28	0.29179229187782824	1.3947543237113167E-4	0.003997985317481295	7.990217733855088E-5	0.010607828886385838	0.4825097939423689	9.637437816931654E-5	1.2960325354548826E-4	0.18360361557536528	1.2336441607658648E-4	0.016538707346114435	7.799444847746227E-4	6.13717502143197E-5	5.999471498868402E-5	0.009479746446977192
29	29	0.3542994006645693	0.0019351979995753915	0.006517479308171564	0.033719272754996595	2.2141191846929573E-4	1.3998454365213566E-4	2.340752773924041E-4	3.1478197941075636E-4	0.07077571181237981	0.013071135818644697	0.054537361376448205	2.979004258992002E-4	1.490604632512992E-4	0.4567270841663005	0.007060141490838877
30	30	0.40980957902160137	1.1207234003297738E-4	4.3579070173662776E-5	0.005345723461597017	7.325002221173535E-5	4.6311287137148975E-5	7.743945938750101E-5	0.012779787456252446	0.1681284745226806	0.3159340147975564	0.002198113797984213	9.855482471250928E-5	4.9313886621525174E-5	0.009554943163256772	0.07574884288879408
31	31	0.3792662163225767	0.028618920286232117	4.522726416401434E-5	6.663182302871637E-5	0.02583799417038012	0.0071737151366774235	8.036827937080782E-5	1.0807841966056555E-4	0.1300889276591318	0.10643953345738162	0.0011849939511659497	0.3196603824858643	5.117897578580931E-5	5.003064202926978E-5	0.0013278011265507794
32	32	0.6196694108355917	3.2878678032469957E-4	0.0032267284200929434	0.007935555275155614	2.1489369236532907E-4	0.04197074944281555	0.006424945132293972	0.006503275880318979	0.08883484272376556	0.19397083569643614	0.009547489957204969	2.891304267686058E-4	0.0016941124385474052	1.4142611958455664E-4	0.019247817178734094
33	33	0.4384545994276931	0.017528883852779422	3.0635085258015404E-5	4.513365150673616E-5	0.004135558940279514	0.38022195921638735	0.015276865447440151	7.32078683522809E-5	0.06546887800509453	0.04462312950647084	0.0071144042206717	0.01714810263572383	7.772239580880935E-4	0.006716905552949757	0.0023845126313045916
34	34	0.2601725448695543	0.4684932026338378	1.1069625586266574E-4	0.012237230452291865	1.8606416264467748E-4	1.1763642661108086E-4	1.9670585388960435E-4	0.0029476713798978226	0.15741131386933904	2.517941310220904E-4	2.1719549090984296E-4	2.503415068151087E-4	1.2526340257571468E-4	1.2245279154983756E-4	0.09715988677319858
35	35	0.4011153223963661	0.0026085852005290275	0.02442963279703877	0.017964644961835242	1.126293760227494E-4	0.002507470878230985	9.311585805494775E-4	1.6012551704237176E-4	0.19598392918433022	0.008273292577895632	1.3147396182276117E-4	0.23728109329023037	7.582512757994982E-5	7.412379314999986E-5	0.10835069235737631
36	36	0.1326601854909673	0.017806526226756724	4.5739988881889423E-4	0.056107973558113186	7.688220946916376E-4	4.8607685990495833E-4	0.006356203999954162	0.050983728018835404	0.20695494528275793	0.00104042008139498	8.974575754159112E-4	0.11744603100226207	5.175917285069818E-4	5.059782086030721E-4	0.4070106599830168
37	37	0.4049035857438721	0.0247153604471253	4.7193223405877145E-5	6.952820534824876E-5	0.030964805200095608	5.015203195863646E-5	8.386176420793327E-5	1.1277642145008515E-4	0.1683450325324676	0.0401440813373015	9.259712756657402E-5	0.010401888400616257	0.0011973103251232038	0.31462654195502815	0.004245285284432903
38	38	0.10070506177881654	1.370433409484704E-4	5.3288986116192936E-5	0.20803586495334103	0.002672892159425091	7.024602706454067E-4	9.469385784738476E-5	0.2500636687628395	0.38706773804116634	0.0014128738558491162	0.009146181710352221	0.0027038351617370516	6.030158534906383E-5	5.894856206233405E-5	0.03708514697350417
39	39	0.31654479186899237	0.041044256127800466	2.4503327235233017E-5	3.6099936490340544E-5	0.07279773736303716	2.6039578606984813E-5	0.16337457465951075	0.047573037163215585	0.2958766919497412	5.573624817084974E-5	4.8077616955569526E-5	0.021436931689531764	0.01695476214172997	2.710571192160274E-5	0.024179654617060158
40	40	0.2713249983816777	0.11685380669849808	5.800948584329095E-5	8.546344480797599E-5	9.750543344727973E-5	0.0014677262296440873	0.014163880155806307	0.026854140018887647	0.2547349135096176	0.004350190105463099	1.1381955656018293E-4	0.2560377135945221	6.564328234744856E-5	6.417040416158749E-5	0.0537280196987156
41	41	0.36603347785100265	0.005000509210548491	1.865131458510775E-4	2.747836102093133E-4	3.135012294188143E-4	1.982067037672229E-4	0.022935697311594304	0.0140082651040555	0.09117093272732409	0.02980979579894091	3.659546924922378E-4	0.17899550252657812	2.1105746614765296E-4	2.0632184162164887E-4	0.290289480780448
42	42	0.36648275794290486	0.011448092254275687	0.010294639873255613	0.0011451594512604927	0.056298762467115224	8.95303596583829E-5	1.4970826939405432E-4	2.013261114073913E-4	0.1657488669304982	0.019591378563130174	1.653024575595667E-4	0.002232607425915664	9.533507441291273E-5	0.36562521228522593	4.313205339858945E-4
43	43	0.4128292692444221	0.02342723045759954	1.0613964944820906E-4	0.019451597855352987	0.001464753565386282	1.1279414091774337E-4	1.8860882162225693E-4	2.536391662800649E-4	0.10848227173341381	0.004100474660301521	2.0825504067186306E-4	0.3269725275932556	1.2010716653841547E-4	1.174122491114704E-4	0.10216491865567813
44	44	0.27438996228316337	2.5771021142796907E-4	1.0021001957293182E-4	1.4763608662406288E-4	1.6843833818170557E-4	1.0649274920202607E-4	0.3560221358910312	0.024529166481376905	0.25423237569639723	2.2794171854716784E-4	1.9662060135286458E-4	2.2662670116849206E-4	1.1339722311346942E-4	0.007397762020087645	0.08188352397875298
45	45	0.42566093193818805	0.006771153536597068	1.7393200871269944E-4	2.5624823959161797E-4	2.923541840329759E-4	1.8483678439525333E-4	0.017172681415393787	0.04468260767204765	0.18198678675976143	0.1331965332951751	0.03828438388360076	0.12687039844348927	1.9682070597953924E-4	0.023379863353727364	8.904677793074365E-4
46	46	0.15550722836886352	1.195884867617766E-4	4.650170644264321E-5	0.03444643628568222	0.0012053076881695483	4.941715990843171E-5	8.263294726492089E-5	0.176509338840627	0.4065237799017625	6.693472129962707E-4	0.004036248313723135	1.0516441743763968E-4	6.161937007628762E-4	5.144043690869962E-5	0.22003137453268876
47	47	0.3271943555162303	0.304208907091971	9.153858589322913E-5	0.01455696098484269	0.011247786186645603	9.727765458364306E-5	1.6266291539538354E-4	0.0035469243603691715	0.24110812547285	0.012411532910320296	1.7960650922953396E-4	0.06344237866260842	0.003431761643218782	1.012604743475427E-4	0.01821892103149452
48	48	0.40718036307337285	5.920772028381599E-4	2.3022785071782946E-4	3.391870299667167E-4	3.869792336467302E-4	0.0030348845063917084	0.31570424060547053	5.501695211365409E-4	0.07626656466255953	0.003313907854589718	0.06183661896617769	5.206642863423526E-4	2.605248363990558E-4	0.03931779256174609	0.09046579780864455
49	49	0.2677832076368125	0.028257524848178738	5.045410917885657E-5	0.008023485305948281	6.962792574906688E-4	6.650906645450835E-4	0.3908210972841856	0.02213360780328915	0.22767199993835674	0.0037836047560004557	9.899526344518832E-5	7.255761484760817E-4	5.709365091364143E-5	5.581260599975714E-5	0.04917617072717917
50	50	0.3565146338430646	0.4531461173748719	7.755331767571327E-4	0.001142567217844132	0.0013035574691478784	8.241557125945946E-4	0.0013781126973525766	0.0018532715097310738	0.10652356225884266	0.011163052071837576	0.001521662207361483	0.0017538817599698827	8.775899760464777E-4	0.01965588553597432	0.0415664171886037
51	51	0.4146764686241564	0.00710114774386149	0.023025203319609593	6.073901507749231E-5	0.008563375319311367	5.43463869506632E-4	0.319350664710005	9.852014342284303E-5	0.1715471534412792	0.00758855232714211	8.089175176071592E-5	0.01858034760566451	4.665279202349284E-5	0.0025438642627939084	0.026192955074385186
52	52	0.325381792267922	3.9288239731415553E-4	0.00715711176434361	0.029533197932078165	4.495087600402118E-5	2.8419553507727015E-5	0.01787344396399012	0.0010362298215228724	0.28694338568933214	0.012052814463905872	0.0013489025367160444	0.002977448597910983	3.026213966724778E-5	0.007484059678783161	0.3077150983170018
53	53	0.23868127609348586	6.506792169226844E-4	0.3347004388856858	0.0478280525118148	0.005759852640227952	1.0946468600275345E-5	0.005760842885702268	3.991286211053589E-4	0.29665624399005314	2.343029815143416E-5	2.021077730647449E-5	0.0018958621065305204	1.165618458976167E-5	1.1394647698267437E-5	0.06758998467212543
54	54	0.4226817429246475	1.7976800197103717E-4	6.990237172320824E-5	1.0298483775311654E-4	0.25426984234053385	0.012781902280035952	1.242156350417242E-4	1.67043883949561E-4	0.05365453197413554	0.0755575322548404	1.3715441253063282E-4	0.14248339958693335	7.910122037934864E-5	7.732637826595362E-5	0.037633551897258796
55	55	0.3110873122953702	3.668727564362575E-4	1.426576226822451E-4	0.02441511082523487	0.010613331429303215	0.276779465604964	0.2163690195300609	3.409052193853016E-4	0.10604098255355127	3.2449473432522773E-4	0.0020088305671670053	3.226226934472076E-4	1.614307465169413E-4	1.5780862683356577E-4	0.05086915479472183
56	56	0.3025352166067997	0.13166576259651946	5.346162179194961E-5	7.87632280641839E-5	0.004625318909885564	5.681343148805748E-5	9.500062927110532E-5	1.2775585042710023E-4	0.13174436240512946	0.004657063711752663	0.004640354028143386	0.01761481292285328	0.0020042645542272097	0.3849251273217606	0.015175922181886186
57	57	0.3564551310668049	0.3262498499876339	0.031147359144258497	0.0021566773926676224	9.582127888562528E-5	6.058164388665642E-5	1.013016489370153E-4	1.3622939562519558E-4	0.20128135982107767	0.006347741913626343	0.002184543725817039	0.05609155642190249	0.01664603032948559	6.306202614539846E-5	9.827542032460098E-4
58	58	0.4446161970898433	0.19486579438534352	0.0020841819281428343	0.017561920562119446	2.6702480243077497E-4	1.6882264229717742E-4	2.8229692932407914E-4	3.796299514589218E-4	0.07958019911461812	0.13898434339994029	0.008012979176039891	0.03694033693777974	1.797682844947555E-4	0.0675619094674338	0.008514595328733412
59	59	0.26965648521824465	2.0514142720140668E-4	7.976876942968148E-5	0.01461875964758729	0.40810226941127914	0.008785513306823192	0.026243978253671352	0.0011573706235098163	0.18883852493427228	0.002114943763326847	0.013691002835450057	0.003080646253542543	9.026599319164116E-5	0.0010549899052557925	0.06228033965721426
60	60	0.15406071517161482	0.4988138292998177	9.936527620805909E-5	0.0037591327972074985	0.05917512541538554	1.0559504412543945E-4	1.7657084560955593E-4	0.005054438946146742	0.21716610017445537	2.2602023150284823E-4	1.949631428562196E-4	2.2471629936505016E-4	1.1244131518900905E-4	1.0991840112363923E-4	0.06072106763939257
61	61	0.4823271023024726	0.14038786078741985	8.964892513196782E-5	0.0023050583366504957	1.506866881511279E-4	9.526952036329743E-5	1.593050119983008E-4	0.011079139505114246	0.1144438848220381	0.017587771502483807	0.15445758952055952	0.0045487057204507434	1.0144633449226908E-4	9.917012148515036E-5	0.07216736090118855
62	62	0.20592522665214175	0.060370760594781185	1.3386294528512448E-4	1.972158220314838E-4	0.0018473419443048981	1.4225556606461235E-4	2.3787276951043292E-4	3.198888070049662E-4	0.17413122556353888	3.044900093634825E-4	0.008374340391519982	3.027333776398199E-4	1.5147872775412235E-4	0.47549310693370334	0.07206819989535593
63	63	0.1997240844526636	3.9633800544830173E-4	0.03937753816726737	0.11789732182399301	0.00399460899636795	1.6377745988243187E-4	2.738606231261497E-4	0.03959170794598153	0.4507583936418575	3.505564082496342E-4	0.04886472029798151	3.4853401510461174E-4	0.05807563954787945	1.7048296801678108E-4	0.04001243564618023
64	64	0.28090733730916556	0.29449520900544174	0.06769948959117547	9.035471340636745E-5	0.005306021284135294	6.51745928385841E-5	1.089817525536207E-4	1.465575184643366E-4	0.2492455106945536	0.01277520277363665	0.013499310431380819	0.04101890438134308	6.940019767379466E-5	8.111195077991997E-4	0.03376142624643181
65	65	0.444239930275671	0.26785624893068927	1.268651293029267E-4	1.869061726478201E-4	2.1324166629306036E-4	1.34819017648296E-4	2.254377385564656E-4	3.031663077246946E-4	0.10045214154647945	0.0694773629487648	0.05098736653011897	0.03411253858256653	0.0016810887062682972	1.4033888601207802E-4	0.029862547561256392
66	66	0.30159082895734396	2.7832988472196475E-4	1.0822793183542789E-4	0.03032756213187513	1.819152721543475E-4	0.017166555774931248	0.08545003180045252	0.1406059402131532	0.17488784325115675	2.461795824659913E-4	0.22057074685007938	2.447593491217782E-4	1.2247025782206736E-4	1.1972231828107769E-4	0.028098886424605177
67	67	0.4363859639954138	0.02003989152928807	1.354006040791087E-4	0.0018404546748169216	2.2758854690459063E-4	0.30372398181261473	2.406051698405469E-4	0.011810377609154108	0.05469940174190247	0.12994489185917366	2.6566752816767857E-4	0.038048600658733174	1.532187357700565E-4	1.4978087395829567E-4	0.002334174660182825
68	68	0.47255025380549603	9.05033769174993E-4	6.16042353966996E-5	9.075946968373806E-5	1.0354767995652133E-4	6.546655132732224E-5	8.560760442109772E-4	1.4721404288191192E-4	0.11970597371867066	0.3607508703837535	1.2087276163804189E-4	1.3931904918749655E-4	6.971108533643263E-5	0.03739845158610751	0.0070348458171781685
69	69	0.3360979643196465	0.3057435371709247	6.003543660001714E-5	0.003726414210347076	0.0015560971592702493	6.379939571238939E-5	0.04157949461225144	0.004509024324763959	0.174137432677744	0.007412491004718419	0.04595616624109699	0.002318550783269519	6.793583942863127E-5	6.641152174745607E-5	0.07670464530247864
70	70	0.41342179570917914	0.013260007777073757	8.281095164164343E-5	0.002129239967646462	1.3919305811144366E-4	0.02317123234621039	0.006168866065318708	0.0012015098568045291	0.05954821628331764	0.44780229386859005	0.008191431541696312	0.0011908970809648611	9.370851337586892E-5	0.02317483542890658	4.239615511626393E-4
71	71	0.3131555607507369	0.025326468390392733	0.005746952858699022	0.00821292513411463	0.08450110893258288	7.115054432843067E-5	0.009856117246682635	1.5999558662356986E-4	0.08871633140788861	0.4042437199906065	0.022851367150508697	0.012322843629031075	7.576360090535015E-5	0.019548349250199056	0.005211345526699846
72	72	0.33006777256467895	0.004839119945414501	5.536277359839378E-5	0.014842757809884104	0.01686714042369646	0.012807137408311055	0.3852313412817129	0.015564456010714088	0.17199038874890027	0.0034807471241624904	0.0121859667636152	0.0028090572708632925	0.02891407228153096	6.124259689032003E-5	2.8343699602695723E-4
73	73	0.19177039793940423	6.339173528819112E-5	0.004505747063116598	6.337952707277242E-4	0.041865007690990115	9.224146264864495E-4	0.005421119059592622	0.026049269353540263	0.34843026473639893	5.6069260908259165E-5	0.0021395436265585844	0.0012507050809581978	0.3752451102511751	2.7267663032821692E-5	0.0016198966418218966
74	74	0.22194198596349035	0.040115748749633244	6.105720720166905E-5	0.04300858718558559	8.426046478023558E-4	8.048616688299882E-4	1.0849788897665416E-4	0.1703404884771965	0.36949503234076	0.0016188360495037993	1.1979944568498394E-4	0.08227546699422975	6.90920706057141E-5	8.075182518348312E-4	0.06839042305866454
75	75	0.18215828948865803	1.065035822547176E-4	0.024634938256113688	0.005582008698911544	0.09844370864302804	0.004561188112455248	7.359157335530533E-5	0.26360101429630645	0.3324309265980557	5.961098587886777E-4	8.125715420093038E-5	9.36577381830291E-5	0.08737897123928524	4.581202548735144E-5	2.120227349160249E-4
76	76	0.42878779635311437	2.407516367911587E-4	0.005766445215270883	1.3792092019651697E-4	1.5735428328947967E-4	9.948501277740069E-5	0.02172310604455709	0.0013582769496403382	0.13992999205214746	0.03424991904359012	0.35416824270635566	0.003615411270326935	1.0593513901085982E-4	1.0355820797107126E-4	0.009555805164960629
77	77	0.21526066586456055	0.017517613663820004	9.501715902498928E-5	1.3998561800874883E-4	0.2385306694357455	1.0097431902578336E-4	0.0036234958835346183	2.270600395110432E-4	0.32166664853271426	2.161298302497871E-4	1.8643176626402462E-4	0.05433775782684684	1.0752100466084643E-4	1.0510849059050177E-4	0.14788492056544256
78	78	0.2757162692110848	0.0018156659178874318	6.772221545865806E-5	0.003382782138182125	1.1383110669425493E-4	0.3907500691010424	0.0017618461508368624	0.03791644042016348	0.189867511475612	1.5404365991799265E-4	0.011623409142406142	1.5315496744362637E-4	8.973864780382326E-4	7.491467772081284E-5	0.08570495333751113
79	79	0.3573824535650427	0.3935885794148452	1.3408046912204768E-4	1.975362926607448E-4	2.253695937570852E-4	0.0017674609613020267	0.06848717711816658	3.2040861807396885E-4	0.12241500884289111	3.049847977830892E-4	0.01976276811413547	3.032253115781377E-4	1.5172487678366252E-4	1.483205335930786E-4	0.034810901490265035
80	80	0.30935089684271794	0.305203513889703	0.008996570362688023	0.035470582191666725	0.012861126374730114	3.741817061787291E-5	6.256882680319599E-5	8.414190242526636E-5	0.26855637908438146	8.009148209094053E-5	6.908623604460656E-5	0.02483005157619149	3.984418351340744E-5	0.012840892666469553	0.021516836209956338
81	81	0.4071420170347793	0.13860312328397761	8.215136250933365E-5	0.0011166557210080502	1.3808438556749591E-4	8.730189337947498E-5	0.014084729876800263	1.9631497940650447E-4	0.10188578348129135	0.00616061389173211	1.6118797668517192E-4	0.2859301194889016	0.0010885869779806202	9.087627752623358E-5	0.04323245336845486
82	82	0.1781713615538657	0.23139803192131286	1.8864523941775212E-4	2.779247527002704E-4	3.1708496584306685E-4	2.0047247026880397E-4	0.286118503339623	4.5080063385708906E-4	0.15851485955099948	4.2910000668475374E-4	0.08038945731619047	4.2662448807597575E-4	2.1347013397178243E-4	2.0868037495279122E-4	0.06269498325223623
83	83	0.26696423825380605	0.2432080045095739	1.541151166009273E-4	2.2705267199366915E-4	2.590448963044794E-4	0.0020315595099141674	0.004009424723189621	0.002236066945346827	0.2770546629889061	3.505564082496342E-4	3.0238699715638245E-4	0.041439739115802794	1.7439599689564664E-4	1.7048296801678108E-4	0.16141826889824307
84	84	0.3494456565933675	4.5791910794119796E-4	1.7806078585455205E-4	2.623310295398064E-4	2.992940525557051E-4	0.021769115279172507	0.006790379034519668	0.006899474498225829	0.08488128020741594	0.3974750160346522	0.01329730495843907	4.0268756235815005E-4	2.0149281226926715E-4	0.004512949967966048	0.11312703807572262
85	85	0.48307508019635165	4.3447908011510665E-4	1.6894618525635567E-4	2.4890279183270066E-4	0.016664178840004696	1.7953837163009494E-4	0.043298253616188394	4.037263152591135E-4	0.16038986510614087	3.842917502006355E-4	3.314868182138332E-4	0.13551876675676297	1.9117876980097274E-4	1.868891756556161E-4	0.15852441622658706
86	86	0.33668275117744867	0.004503124306258642	8.821131345130162E-5	0.038616399410683705	1.4827027386966188E-4	0.2823276396453188	0.04078132660248834	0.06007859280451598	0.2088247622942557	2.006489816994687E-4	0.02583070519601026	1.9949141870648018E-4	9.981953935543756E-5	9.757982773862445E-5	0.0015206772081989663
87	87	0.3901318652205627	0.001979781884551153	7.384354909449466E-5	1.0879124320306826E-4	1.241201702975775E-4	0.06093433720620261	0.004605914939243966	1.7646201325196388E-4	0.0862126299797033	0.41005011024491467	0.023413305922847006	0.0010619376461856332	9.785002159033763E-4	0.009926017069321	0.010222382694717412
88	88	0.32294552534587173	0.10260221853771154	7.222756710908906E-5	1.0641047072745135E-4	0.051767316581645594	7.675591944199532E-5	1.2834747798686679E-4	0.0019233092460800786	0.23663763930918486	1.6429171297930507E-4	0.0018924255471504602	0.1874891965247308	0.09374465871449143	7.98985218644973E-5	3.697785230241718E-4
89	89	0.4243858038949816	0.009031406423012943	1.7691544108148268E-4	2.6064363120526944E-4	0.0024414770959125393	0.2810661814457361	0.01961135031153713	4.227702391260758E-4	0.06932653886172042	0.15692231752755306	3.471231775254977E-4	4.000973452448566E-4	2.0019674509627285E-4	1.9570480916333196E-4	0.035211473051103434
90	90	0.3309309645444809	1.778097356359064E-4	9.070868696412128E-4	1.0186299327251023E-4	0.00263005361036617	0.0017493676669837384	0.09397281062545088	1.6522422521807762E-4	0.15948919477959697	0.3303079809759919	1.3566034870487673E-4	1.5636335711932055E-4	7.823954724932411E-5	9.144300042716875E-4	0.07828295071601651
91	91	0.214281310487407	8.899414475870502E-5	0.025617621418728705	4.703763503240622E-4	0.11287507393994142	3.677475985807608E-5	0.007191186000606662	0.2609455820929562	0.2924572862067338	7.871429767774071E-5	4.872919974400802E-4	0.008885528077260953	0.06378700283110367	3.828042157455456E-5	0.012758976973628298
92	92	0.29381514086155514	0.09646076682930549	6.908301655370802E-5	1.0177770905185758E-4	0.026907939203600222	7.34142193298267E-5	0.0034717372499581114	0.0018395746915325596	0.155169441346028	0.37105640805335577	1.3554676783766414E-4	0.027785297632407936	0.004264396040055901	7.642000318583738E-5	0.018773056376241933
93	93	0.0731216788177909	2.1275148898860128E-4	0.028155876070785388	0.2287175152042509	1.390535014206823E-4	8.791460312605151E-5	1.4700648069198224E-4	0.3090023223850502	0.2560005495262959	1.8817624553881966E-4	0.0021675441077747925	1.8709063894291122E-4	9.361456005520526E-5	9.151407332673117E-5	0.1016873922959609
94	94	0.3099009961959032	5.5124811188127896E-5	0.010672461271310352	3.157970091526729E-5	3.602935071008539E-5	0.004698839291782584	0.014845614113779193	0.32581675350907896	0.2541525790251508	0.016155186997988576	0.023682139957099165	3.0825710112171434E-4	0.03353602102536852	2.3711683698076632E-5	0.006084705964905302
95	95	0.2881750249938805	0.18140655250636106	8.218823785202218E-4	0.001210851954196982	0.0013814636760750359	8.73410806447545E-4	0.001460474645720741	0.0019640309945612245	0.3021435033215962	0.0018694865304081517	0.011573320889167094	0.0018587012854237926	9.300385315488051E-4	9.091706922796169E-4	0.20342208679381313
96	96	0.36306184545149683	0.0022069129646973824	8.231527277200785E-5	1.2127235173930791E-4	1.383598946670194E-4	0.0030803101184062537	1.4627320402653749E-4	1.9670667150823614E-4	0.2996161148368367	0.0031800716500587725	0.1857172199576922	0.1408493572206998	0.0010907589514215262	9.105759593733707E-5	4.2142385804013247E-4
97	97	0.2402569538712866	4.680189048284584E-4	0.0023875734463890954	0.004679287720124975	0.002511480616293733	1.9339792388333268E-4	3.2339050797352436E-4	4.348921652751158E-4	0.1882103366946144	0.004825128095234495	3.570761049862439E-4	0.3334549612399302	2.0593690827415328E-4	2.013161768144556E-4	0.2214902496240913
98	98	0.32485391384458884	0.033001175306199663	8.198810372193408E-5	1.2079034446674919E-4	1.3780997150231224E-4	8.712839898065476E-5	0.2505445480864009	0.0011895710991090467	0.22986367352070747	0.0031674321849160404	1.608676490264064E-4	1.854175217283462E-4	9.277738224210213E-5	9.06956797805707E-5	0.15642221090662897
99	99	0.4348112595459988	2.9578868462328234E-4	0.005690750469504528	1.6945034356027525E-4	1.9332627222970464E-4	1.2222779234802878E-4	2.043833101318933E-4	0.0016687859640046865	0.20258523493398117	2.616216902165015E-4	2.2567266047297468E-4	0.04068418186681228	0.31097730754725256	1.2723214066568861E-4	0.0019827767781977123
100	100	0.20261101468080472	0.002177178655621815	5.592563436229921E-5	0.1959622240464333	9.400278489006356E-5	5.943192686210447E-5	9.937914860645356E-5	0.025211684642226517	0.34928526026127704	1.2721068473702194E-4	0.03128783539811909	0.004193186081519788	6.328520505804762E-5	6.186523648419757E-5	0.18871051561299745
101	101	0.210082748545021	6.197448165204399E-4	2.4098633829686177E-4	0.1843533879609044	0.10554697742072223	0.0031767038699657096	4.282296910676352E-4	0.015178922514773744	0.2229403097985947	0.00930998339265577	4.728357399358559E-4	5.449947930121355E-4	2.726990942383642E-4	2.665803790729369E-4	0.24656489564521836
102	102	0.32271237697131483	2.2094791882203984E-4	8.591508713244646E-5	0.003250292598576051	1.4441065437367356E-4	0.1052564325120916	0.092822933913283	0.021030087455476642	0.1846465499840865	1.9542589347412262E-4	0.26360201949785034	1.9429846297215183E-4	9.72211396214795E-5	9.503972987729422E-5	0.005646048181047867
103	103	0.20808842111799158	4.0428208805248664E-4	2.7518850420087493E-5	0.026721489153810316	0.07341885815474836	2.924416189722044E-5	0.01005425560622045	0.30522908721841935	0.27359093085466357	3.961073096589748E-4	0.023399822559472185	7.292580222568218E-4	3.114021166957004E-5	0.004699607145622056	0.07317997754509693
104	104	0.43425353180479437	0.017174298609070014	1.5382779979766933E-4	0.002090929321770317	2.585619589187899E-4	0.05236387056326278	0.0263735492816266	0.002231898245865702	0.14417285396790974	0.011535702530319412	0.028266322417999666	0.2762642759640907	1.7407087044838974E-4	1.7016513662904416E-4	0.004516141527496801
105	105	0.30080173149791495	2.7760164837049286E-4	1.0794475881473012E-4	0.001467256644338768	0.002797889747497327	1.1471242274096217E-4	1.9181647825471042E-4	0.06305276353261381	0.2149852398137885	2.455354657872488E-4	2.1179681913539034E-4	0.021175722529519127	1.2214982046116645E-4	1.1940907076781887E-4	0.39432842974999505
106	106	0.4092736225407917	0.0139817576809963	1.1296960831280246E-4	1.6643436404697036E-4	0.004297255421109468	0.004227422394895486	0.0015698689347854265	2.6996054176178726E-4	0.10040261854213513	0.049545406228458336	2.2165600222136484E-4	0.40003950449389897	1.278359183391318E-4	1.249675862149911E-4	0.015638719742032178
107	107	0.39270163771869127	0.015058939863783791	6.822618666327181E-5	0.0025810957882035717	9.415383477076635E-4	0.08027793718891287	0.017485300002064545	1.6303834800381788E-4	0.194587896926101	0.2581355534966339	0.007575606848883739	1.5429470708315813E-4	0.029844169473987266	7.547217336856312E-5	3.4929292991154004E-4
108	108	0.276412952505378	7.793503428319292E-4	5.304916082864248E-5	7.81555630545634E-5	8.916785497090336E-5	0.03284548691308061	0.005880581538750004	0.4347432325205737	0.18987692942965048	0.016836685524427953	0.04060828390795926	7.628953601675095E-4	7.029539609193783E-4	5.868326604381984E-5	2.7159215136319674E-4
109	109	0.38553623835576134	3.123327869276761E-4	1.2144988170187007E-4	1.789280685886897E-4	0.003147937728330502	1.290642577240502E-4	2.1581491170393846E-4	2.902256310419217E-4	0.1623997960365996	2.7625475846082174E-4	0.012013488216064664	0.0017465601678890985	1.3743215889133972E-4	0.4269851018109587	0.006509375229355807
110	110	0.4230549529778183	9.456437564001578E-4	3.6771138719261494E-4	5.417369484965859E-4	6.180688842609882E-4	3.907652817743741E-4	6.534185085030426E-4	0.005335150090812621	0.1619180869732525	0.005292850758239385	0.04974231811757426	8.315856938926488E-4	4.161006094255607E-4	4.0676430738779057E-4	0.3494848457049691
111	111	0.17433518451785698	0.27115256158858325	2.0868371389298618E-4	0.012953049081658634	3.507667010097633E-4	0.010338249118540723	3.7082833393300285E-4	0.038435492990689345	0.22593520214117452	0.018178523558204988	4.094552370416989E-4	0.051054351092177555	0.0027652660469840436	2.3084704282037312E-4	0.1932815388354322
112	112	0.23326315810098763	0.0034181888254582707	0.10789210930491065	6.688846669839662E-5	0.29555428315008997	4.8247937692622626E-5	0.0028318693578508396	0.0705389977812679	0.2565945589522858	0.0012037485978300107	6.393198493025486E-4	0.0050548209491024215	0.022060908312529267	5.022334345905532E-5	7.826770705345649E-4
113	113	0.27090451487182376	0.008820611613939619	0.003908975834143832	1.163954212390825E-4	0.006835244772376666	8.395825631602397E-5	1.403908719050644E-4	0.008806230573882481	0.25788487045210173	0.008797142309464377	1.5501452417269836E-4	0.08635301516606957	0.18392800225651498	8.739574259207816E-5	0.16317823733345793
114	114	0.29520250784499336	0.00996425448918504	0.07183218510461391	7.037346242152856E-5	0.04118265769676465	0.0017874815261297067	6.637878729038729E-4	0.07710872498207988	0.22828226938348772	6.875592203400646E-4	0.215446977288531	0.0030025587850433543	0.04984002030448567	0.004105186245664734	8.234557933554273E-4
115	115	0.24854610638935795	0.0063624653314857185	0.0017109522329018343	0.010516815682025768	0.020245593154238788	1.3537160998685518E-5	1.770192411642319E-4	1.8482395724496114E-4	0.3092807681929884	0.002499104577511235	2.499404660051214E-5	0.01778286090263064	0.3788704576610667	0.002638603524351147	0.001145897945433538
116	116	0.28299434474878005	0.0027905452112782104	1.8994805490785626E-4	0.009488066552060583	0.0026213304086728953	2.0185696658798892E-4	3.3753530364816025E-4	0.19152452883491103	0.1411931448025725	4.3206344290629926E-4	0.19374536477473545	0.005033682030282755	2.1494439432455587E-4	2.1012155643083095E-4	0.16902252291790093
117	117	0.4636306564464287	0.025802398319251903	0.02659837390642863	1.1117921034539902E-4	1.268446072986132E-4	9.947787889861995E-4	0.00470701474481154	1.8033535339505492E-4	0.2545591183344799	0.001086237461576446	1.4806761474051456E-4	0.21052477384839405	8.539520390580242E-5	9.980622257887504E-4	0.010446763934168376
118	118	0.3096585806652282	0.4055573853718654	0.003309981344878674	9.855949212206923E-5	9.232174271363495E-4	7.109285755291676E-5	1.1887798408423625E-4	0.015564508868709014	0.24269083282533088	1.5217024866452165E-4	9.420314556609123E-4	1.5129236407723906E-4	7.570217399879862E-5	7.400359835300868E-5	0.020611763322337703
119	119	0.3845385936496813	2.443557265627878E-4	9.501715902498928E-5	0.03929270360912511	1.597099015958989E-4	1.0097431902578336E-4	1.688442960831751E-4	0.01634876744761778	0.15008561968929257	0.06355140893352625	0.15334265214327802	0.11306683481352137	1.0752100466084643E-4	1.0510849059050177E-4	0.0787918888164137
120	120	0.4196795823958409	0.10339524786327796	0.0075927025525494235	1.8160105294208836E-4	0.004688852051096489	1.3099233275554474E-4	0.03906011834346901	2.945612759569384E-4	0.11851534881895813	2.803816942330686E-4	0.2407577696240068	0.019699303845369793	1.3948524096654393E-4	1.3635552591692495E-4	0.045447697382660454
121	121	0.3934868087908058	0.20632490529182831	1.6655894922641725E-4	0.006301167093768536	0.002298554932060819	1.7700146634950817E-4	2.959731571335612E-4	3.9802159926000173E-4	0.261071813953139	0.02258339321784251	3.2680285761011227E-4	0.004413863517110003	0.002207071162981784	0.01027721729790777	0.0896708467129759
122	122	0.11729746604723768	0.552759029665461	5.112468582877467E-4	7.532029808807422E-4	0.00705533382070302	5.432997986826749E-4	9.08479234678308E-4	0.001221713351923969	0.21273051193814324	0.0011629025518265343	0.0010031099199929888	0.0011561936567848314	5.785247253955781E-4	5.655440148408212E-4	0.10175344143516078
123	123	0.44132068867622953	0.03536530507606228	8.529341139546503E-5	1.2565994425415815E-4	0.014615229911604579	9.064093497868127E-5	1.515653188895329E-4	2.0382345210292544E-4	0.11715336658656679	0.022935512695282004	0.008436989631844137	0.19556305927191586	9.651765405635188E-5	9.435202884496099E-5	0.1637619954059728
124	124	0.28661247746851354	0.02176052980379603	0.023827892855386806	8.755633511314122E-5	0.02746963824930391	6.31560687462206E-5	0.006587914509776968	0.18812895146912975	0.27753894359636827	0.0015756948966824608	1.166068517247792E-4	0.023902864913985574	6.72508022588315E-5	6.574185517260251E-5	0.14219478032404106
