0	0	7.708243002360649E-4	0.008575420340126223	0.037625861155272916	0.0029387676446499976	0.005395770101652455	0.5374090668208316	0.002794238088355735	0.05598111480464421	0.021438550850315558	0.22305728188081128	0.003227826757238522	0.04369610251963193	0.027653321770968832	0.023461964638435227	0.005973888326829504
1	1	0.0013386880856760374	0.3507362784471218	0.2543507362784471	0.0214190093708166	0.0013386880856760374	0.03748326639892905	0.0013386880856760374	0.013386880856760375	0.00535475234270415	0.1499330655957162	0.0214190093708166	0.0013386880856760374	0.0013386880856760374	0.0013386880856760374	0.13788487282463188
2	2	0.004453351146737921	0.005455355154753952	0.06223558227566244	1.11333778668448E-4	1.11333778668448E-4	0.2205522155421955	0.0034513471387218886	0.3631707860164774	0.030505455355154754	0.1901580939657092	0.0037853484747272324	0.05789356490759297	0.047873524827432644	0.0011133377866844802	0.009129369850812736
3	3	2.7917364600781687E-4	0.013679508654383025	0.09491903964265773	0.012004466778336125	0.0664433277498604	0.01954215522054718	2.7917364600781687E-4	0.0011166945840312675	0.001954215522054718	0.26326074818537126	0.37632607481853714	0.14433277498604133	0.00446677833612507	0.0011166945840312675	2.7917364600781687E-4
4	4	0.004720406681190995	0.006899055918663762	0.19644153957879448	0.4121278140885984	0.0014524328249818446	0.023238925199709513	3.6310820624546115E-4	3.6310820624546115E-4	0.017792302106027596	0.19099491648511258	0.016702977487291215	0.05918663761801017	0.03957879448075527	0.02977487291212781	3.6310820624546115E-4
5	5	0.07696307852314092	0.0036401456058242332	0.2548101924076963	5.200208008320332E-4	0.03172126885075403	0.030161206448257927	0.26105044201768074	0.005200208008320333	5.200208008320332E-4	0.1658866354654186	0.011440457618304731	0.09100364014560583	0.02704108164326573	5.200208008320332E-4	0.039521580863234526
6	6	5.767012687427913E-4	0.002306805074971165	0.2895040369088812	0.3517877739331027	0.002306805074971165	0.010957324106113032	0.08535178777393311	5.767012687427913E-4	5.767012687427913E-4	0.15455594002306805	0.010957324106113032	0.06978085351787774	5.767012687427913E-4	0.014417531718569783	0.0057670126874279125
7	7	1.9168104274487253E-4	0.009392371094498753	0.14107724746022618	0.005367069196856431	0.0030668966839179604	0.09104849530381445	0.18305539582135325	0.028368794326241138	0.03871957063446425	0.21583285413072645	0.10312440099674143	0.17845505079547633	1.9168104274487253E-4	1.9168104274487253E-4	0.0019168104274487254
8	8	0.01936936936936937	0.07882882882882883	0.2355855855855856	0.015315315315315317	0.0018018018018018016	0.02342342342342342	4.504504504504504E-4	4.504504504504504E-4	0.015315315315315317	0.1801801801801802	0.31261261261261264	0.06531531531531531	4.504504504504504E-4	0.04099099099099099	0.00990990990990991
9	9	0.0015503875968992248	0.20155038759689922	0.5922480620155038	0.0015503875968992248	0.0015503875968992248	0.15968992248062017	0.0015503875968992248	0.0015503875968992248	0.0015503875968992248	0.006201550387596899	0.0015503875968992248	0.0015503875968992248	0.006201550387596899	0.020155038759689922	0.0015503875968992248
10	10	2.331002331002331E-4	0.1484848484848485	0.217016317016317	0.04498834498834498	2.331002331002331E-4	0.12540792540792542	2.331002331002331E-4	0.008624708624708625	0.005128205128205128	0.2226107226107226	0.002331002331002331	0.11072261072261073	0.11351981351981352	2.331002331002331E-4	2.331002331002331E-4
11	11	5.042864346949066E-4	0.01260716086737267	0.3151790216843167	0.006555723651033787	0.024710035300050427	0.09732728189611699	5.042864346949066E-4	0.16238023197175996	0.06101865859808372	0.16086737266767523	5.042864346949066E-4	0.08219868885526979	0.07160867372667676	0.003530005042864347	5.042864346949066E-4
12	12	2.1394950791613177E-4	0.010483525887890458	0.1690201112537441	0.005348737697903295	0.20047068891741548	0.06889174154899444	0.09649122807017545	0.008557980316645272	0.007274283269148482	0.16452717158750535	0.12216516902011126	0.10355156183140779	2.1394950791613177E-4	0.005348737697903295	0.037441163885323064
13	13	0.009701422247339173	0.018743524536121315	0.07384383535838748	9.418856550814731E-5	0.002072148441179241	0.14561552227559577	0.002354714137703683	0.426485824620891	0.002919845530752567	0.205236884242253	9.418856550814731E-5	0.07723462371668079	0.009418856550814732	0.010831685033436941	0.015352736177828012
14	14	8.25082508250825E-4	0.06023102310231023	0.30528052805280526	0.010726072607260726	8.25082508250825E-4	0.0132013201320132	0.015676567656765675	0.0033003300330033	0.005775577557755776	0.11963696369636964	8.25082508250825E-4	0.0033003300330033	8.25082508250825E-4	0.0726072607260726	0.386963696369637
15	15	0.0022889842632331904	0.01233695194816124	0.04379365480097619	9.256921652781284E-4	5.21753765884036E-4	0.10791887570478836	0.002793907262475806	7.237229655810822E-4	0.044500546999915847	0.3595220062273836	2.187999663384667E-4	0.03632079441218548	0.3813851720945889	0.006580829756795422	1.6830766641420518E-4
16	16	0.0012300123001230013	0.0012300123001230013	0.42558425584255843	0.00861008610086101	0.0012300123001230013	0.01968019680196802	0.28167281672816724	0.0012300123001230013	0.0012300123001230013	0.23370233702337023	0.004920049200492005	0.004920049200492005	0.012300123001230012	0.0012300123001230013	0.0012300123001230013
17	17	6.195786864931846E-4	0.07868649318463446	0.14745972738537794	0.011771995043370507	6.195786864931846E-4	0.10470879801734821	0.24039653035935565	0.015489467162329617	6.195786864931846E-4	0.20693928128872366	6.195786864931846E-4	0.1567534076827757	6.195786864931846E-4	0.013630731102850062	0.021065675340768277
18	18	0.09861373660995588	0.0031505986137366103	0.2640201638311279	3.15059861373661E-4	0.010712035286704474	0.11562696912413357	0.07309388783868935	0.017328292375551353	0.09955891619407688	0.14398235664776307	0.06836798991808443	0.09861373660995588	0.004095778197857593	3.15059861373661E-4	0.002205419029615627
19	19	6.105006105006105E-4	0.057387057387057384	0.06288156288156288	0.002442002442002442	0.004273504273504274	0.06471306471306472	0.03540903540903541	0.029914529914529912	6.105006105006105E-4	0.1984126984126984	6.105006105006105E-4	0.09401709401709402	6.105006105006105E-4	0.026251526251526252	0.42185592185592186
20	20	5.411255411255411E-4	0.0021645021645021645	0.1158008658008658	0.005411255411255412	5.411255411255411E-4	0.3560606060606061	0.007034632034632034	0.024891774891774892	0.09632034632034632	0.15638528138528138	0.18073593073593072	0.024891774891774892	0.023268398268398268	0.005411255411255412	5.411255411255411E-4
21	21	0.0017006802721088435	4.2517006802721087E-4	0.12670068027210885	0.027210884353741496	0.3805272108843537	0.0744047619047619	4.2517006802721087E-4	0.0029761904761904765	4.2517006802721087E-4	0.2300170068027211	0.020833333333333332	0.1139455782312925	4.2517006802721087E-4	0.006802721088435374	0.013180272108843538
22	22	0.011031978773914257	0.008099427454266164	0.15640273704789834	0.0047479402318111995	0.3319368803239771	0.0416142996788158	0.016897081413210446	0.006004747940231811	0.0076804915514592925	0.21882418656612207	0.05711492808267002	0.12079318530931434	9.775171065493646E-4	0.0047479402318111995	0.01312665828794861
23	23	0.01718679330619629	0.013794663048394391	0.13726820443238355	0.4025327905924921	2.261420171867933E-4	0.03753957485300769	9.045680687471732E-4	2.261420171867933E-4	0.03957485300768883	0.19696969696969696	0.007688828584350973	0.13726820443238355	0.005653550429669833	0.002261420171867933	9.045680687471732E-4
24	24	3.0441400304414E-4	0.0258751902587519	0.11445966514459664	0.015829528158295282	0.00487062404870624	0.07792998477929984	0.009436834094368341	3.0441400304414E-4	0.06423135464231354	0.25144596651445966	0.041400304414003046	0.35738203957382036	0.00121765601217656	0.00578386605783866	0.029528158295281586
25	25	4.522840343735866E-4	0.018091361374943465	0.127996381727725	0.48756218905472637	4.522840343735866E-4	0.05336951605608322	4.522840343735866E-4	4.522840343735866E-4	0.005879692446856625	0.17819990954319315	0.012663952962460426	0.10357304387155133	0.007236544549977386	4.522840343735866E-4	0.0031659882406151066
26	26	0.10285958173282116	0.08749466495945368	0.34101579172001706	4.268032437046521E-4	0.0017072129748186085	0.03755868544600939	0.0017072129748186085	4.268032437046521E-4	0.04139991463935126	0.2885189927443449	4.268032437046521E-4	0.03243704652155356	0.049082373026035	4.268032437046521E-4	0.014511310285958173
27	27	2.1505376344086021E-4	0.016989247311827955	0.15053763440860216	0.0189247311827957	0.002150537634408602	0.04795698924731182	0.012473118279569892	0.008602150537634409	0.024086021505376344	0.14150537634408603	0.3389247311827957	0.18344086021505376	0.035698924731182795	2.1505376344086021E-4	0.01827956989247312
28	28	0.014025860179706333	0.018628095551172473	0.16918693841770763	0.44795090948937105	0.0028490028490028487	0.07582730659653736	2.1915406530791145E-4	2.1915406530791145E-4	0.0015340784571553803	0.18891080429541968	2.1915406530791145E-4	0.07385492000876616	0.006136313828621521	2.1915406530791145E-4	2.1915406530791145E-4
29	29	0.02928647497337593	0.013312034078807242	0.12193823216187433	0.030883919062832797	0.4366347177848775	0.021299254526091587	5.324813631522896E-4	5.324813631522896E-4	0.003727369542066028	0.15548455804046857	0.02609158679446219	0.14110756123535675	0.01650692225772098	0.0021299254526091584	5.324813631522896E-4
30	30	1.7608733932030285E-4	0.015495685860186651	0.17450255326642014	0.02077830603979574	0.022891354111639374	0.040324000704349355	0.025532664201443917	1.7608733932030285E-4	0.026060926219404826	0.29441803134354644	0.29758760345131186	0.06726536362035569	0.008100017608733932	0.0065152315548512064	1.7608733932030285E-4
31	31	1.827485380116959E-4	0.0018274853801169592	0.13614766081871346	0.006213450292397661	0.014985380116959063	0.05007309941520468	0.3368055555555556	0.02101608187134503	7.309941520467836E-4	0.19864766081871343	0.09502923976608188	0.11586257309941521	7.309941520467836E-4	0.004568713450292398	0.017178362573099414
32	32	0.0020671834625322996	0.003617571059431525	0.1462532299741602	0.03772609819121447	0.0144702842377261	0.00516795865633075	0.0578811369509044	0.003617571059431525	0.00516795865633075	0.28423772609819126	0.15555555555555556	0.2501291989664083	0.020671834625323	0.003617571059431525	0.009819121447028423
33	33	0.006065107067706399	0.025003094442381482	0.10521104097041713	0.07141973016462434	0.028345092214382965	0.015719767297932914	0.04208441638816685	1.2377769525931428E-4	4.951107810372571E-4	0.14345834880554523	0.027231092957049136	0.49696744646614677	0.012006436440153485	0.01014977101126377	0.015719767297932914
34	34	4.474272930648769E-4	0.03534675615212528	0.24474272930648772	0.003131991051454139	0.0017897091722595077	0.056823266219239374	4.474272930648769E-4	4.474272930648769E-4	4.474272930648769E-4	0.14004474272930648	0.0017897091722595077	0.0621923937360179	0.02058165548098434	0.0017897091722595077	0.4299776286353467
35	35	0.004332520985648524	0.018142431627403196	0.18223666395884106	0.005144868670457622	0.001083130246412131	0.027890603845112376	0.26265908475494176	0.001083130246412131	0.004332520985648524	0.31871107500676954	0.010831302464121312	0.060384511237476304	0.033577037638776064	0.05551042512862171	0.014080693203357702
36	36	0.007407407407407407	0.04074074074074074	0.39629629629629626	0.0018518518518518517	0.012962962962962964	0.0462962962962963	0.10185185185185185	0.0018518518518518517	0.024074074074074074	0.1074074074074074	0.007407407407407407	0.0018518518518518517	0.21296296296296297	0.012962962962962964	0.024074074074074074
37	37	1.9069412662090006E-4	0.017925247902364605	0.08600305110602594	0.011060259344012204	0.2896643783371472	0.07856598016781084	0.03508771929824561	1.9069412662090006E-4	1.9069412662090006E-4	0.2850877192982456	0.028222730739893214	0.15064836003051105	0.003051106025934401	0.011060259344012204	0.003051106025934401
38	38	0.0015073212747631353	0.014427217915590007	0.0661068044788975	0.0027993109388458224	0.0015073212747631353	0.16946597760551246	2.153316106804479E-4	2.153316106804479E-4	0.3044788975021533	0.29026701119724374	8.613264427217916E-4	0.0015073212747631353	0.14556416881998277	2.153316106804479E-4	8.613264427217916E-4
39	39	0.005148005148005148	0.03514503514503514	0.15721215721215723	9.900009900009899E-5	9.900009900009899E-5	0.17354717354717356	0.022374022374022372	0.01762201762201762	0.039600039600039605	0.25284625284625284	0.0024750024750024753	0.15097515097515096	0.03752103752103752	9.900009900009899E-5	0.10523710523710524
40	40	2.344116268166901E-4	0.01922175339896859	0.10782934833567745	2.344116268166901E-4	2.344116268166901E-4	0.08391936240037505	0.07688701359587435	2.344116268166901E-4	0.029770276605719646	0.23300515705578995	0.03539615564932021	0.13595874355368026	0.03961556493202063	0.001640881387716831	0.23581809657759023
41	41	7.541478129713423E-4	0.018853695324283562	0.41478129713423834	7.541478129713423E-4	7.541478129713423E-4	0.0030165912518853692	0.2066365007541478	7.541478129713423E-4	0.023378582202111614	0.1885369532428356	0.04147812971342383	0.07315233785822021	7.541478129713423E-4	0.00980392156862745	0.016591251885369532
42	42	0.010554988083077971	0.002383384405856316	0.15560095335376234	0.006469186244467143	0.3282260810350698	0.12291453864487571	0.009533537623425264	3.4048348655090226E-4	3.4048348655090226E-4	0.20667347633639768	0.030983997276132106	0.10044262853251616	0.004426285325161729	0.004426285325161729	0.01668369084099421
43	43	4.2900042900042895E-4	0.00815100815100815	0.18833118833118834	0.017160017160017162	4.2900042900042895E-4	0.00815100815100815	0.3003003003003003	4.2900042900042895E-4	0.012012012012012012	0.24624624624624625	0.012012012012012012	0.10081510081510081	0.03131703131703131	0.037752037752037754	0.03646503646503647
44	44	4.0502227622519235E-4	0.3539894694208181	0.2871607938436614	0.007695423248278655	4.0502227622519235E-4	0.06723369785338194	4.0502227622519235E-4	0.01012555690562981	0.006480356419603078	0.22276225192385582	4.0502227622519235E-4	0.04050222762251924	4.0502227622519235E-4	0.0016200891049007694	4.0502227622519235E-4
45	45	0.01969057665260197	0.0028129395218002813	0.2390998593530239	7.032348804500703E-4	0.04289732770745429	0.05977496483825598	0.05977496483825598	7.032348804500703E-4	0.023909985935302393	0.2517580872011252	0.10618846694796062	0.1610407876230661	0.007032348804500704	7.032348804500703E-4	0.023909985935302393
46	46	0.005261180007515972	0.12927470875610672	0.1591506952273581	0.015407741450582487	1.8789928598271326E-4	0.16647876738068396	0.005824877865464112	0.005261180007515972	0.1670424652386321	0.2820368282600526	0.001315295001878993	0.017662532882375046	0.03851935362645622	0.005824877865464112	7.51597143930853E-4
47	47	0.0025897151313355534	0.005919348871624121	0.11912689604143543	3.6995930447650754E-4	3.6995930447650754E-4	0.08028116907140213	0.013688494265630782	0.007029226785053644	0.008139104698483167	0.28116907140214575	0.023677395486496482	0.1268960414354421	0.019237883832778392	3.6995930447650754E-4	0.3111357750647429
48	48	9.31098696461825E-4	0.18249534450651766	0.4227188081936686	0.012104283054003724	0.045623836126629416	0.006517690875232775	9.31098696461825E-4	9.31098696461825E-4	9.31098696461825E-4	0.1601489757914339	0.020484171322160148	0.10707635009310988	0.037243947858473	9.31098696461825E-4	9.31098696461825E-4
49	49	0.0026503567787971457	0.36411824668705406	0.15739041794087663	0.003261977573904179	2.038735983690112E-4	0.05341488277268094	0.0014271151885830785	2.038735983690112E-4	0.024668705402650357	0.23139653414882771	0.005708460754332314	0.09194699286442407	0.04607543323139653	0.003873598369011213	0.01365953109072375
50	50	0.003144654088050314	0.003144654088050314	0.32389937106918243	0.003144654088050314	0.003144654088050314	0.040880503144654086	0.012578616352201257	0.003144654088050314	0.012578616352201257	0.040880503144654086	0.012578616352201257	0.003144654088050314	0.012578616352201257	0.003144654088050314	0.5220125786163522
51	51	0.008162585373979677	0.29701815758787276	0.149591870731301	0.005164084624354489	0.0011660836248542396	0.05913709811760786	0.04714309511910711	1.6658337497917706E-4	0.005663834749292021	0.23305014159586873	0.012160586373479927	0.1480926203564884	0.006163584874229552	0.02465433949691821	0.002665333999666833
52	52	0.00302539168017288	0.16996218260399784	0.16736898973527825	0.0020529443544030253	0.009508373851971907	0.05813074014046462	0.01015667206915181	1.0804970286331712E-4	0.0036736898973527823	0.4425715829281469	0.020529443544030256	0.055213398163155056	0.031226364127498647	0.02441923284710967	0.0020529443544030253
53	53	4.161464835622139E-5	0.020141489804411154	0.10890553474823138	4.161464835622139E-5	4.161464835622139E-5	0.10104036620890554	0.008156471077819392	0.0065334997919267584	0.00628381190178943	0.3092800665834374	5.409904286308781E-4	0.029879317519766958	0.04136496046608406	0.36583437369954225	0.001914273824386184
54	54	0.006214689265536723	0.006214689265536723	0.134180790960452	0.025706214689265535	2.824858757062147E-4	0.16468926553672317	0.21045197740112995	0.02485875706214689	2.824858757062147E-4	0.1401129943502825	0.07655367231638417	0.18587570621468927	0.018926553672316382	0.001977401129943503	0.0036723163841807906
55	55	0.002306805074971165	0.18569780853517878	0.22029988465974623	0.2704728950403691	5.767012687427913E-4	0.040369088811995385	0.00922722029988466	5.767012687427913E-4	0.010957324106113032	0.12687427912341406	5.767012687427913E-4	0.09746251441753172	0.021337946943483278	0.012687427912341407	5.767012687427913E-4
56	56	2.160293799956794E-4	0.009937351479801253	0.10455821991790884	0.002808381939943832	0.3599049470728019	0.04882263987902354	0.06826528407863469	0.001512205659969756	0.002808381939943832	0.20501188161589975	0.002808381939943832	0.11622380643767553	2.160293799956794E-4	2.160293799956794E-4	0.0766904298984662
57	57	0.012669891730016125	0.00506795669200645	0.09698226215157799	0.00230361667818475	2.30361667818475E-4	0.09076249712047915	0.0396222068647777	0.02165399677493665	0.00230361667818475	0.24003685786685094	0.023727251785302928	0.12462566228979498	0.001612531674729325	0.023727251785302928	0.31467403824003687
58	58	6.422607578676942E-4	0.029543994861913937	0.15285806037251123	6.422607578676942E-4	0.0796403339755941	0.025690430314707774	0.2337829158638407	0.002569043031470777	6.422607578676942E-4	0.22029543994861914	0.13744380218368657	0.10661528580603725	0.0044958253050738604	0.0044958253050738604	6.422607578676942E-4
59	59	0.004190844616376531	0.025467440361057383	0.2256608639587363	0.011927788523533205	0.0051579626047711154	0.1337846550612508	0.0051579626047711154	3.223726627981947E-4	0.0032237266279819474	0.1405544809800129	3.223726627981947E-4	0.0670535138620245	0.35718891038039974	0.009993552546744036	0.009993552546744036
60	60	0.002811244979919679	0.017269076305220885	0.19678714859437751	0.014859437751004017	4.016064257028112E-4	0.12931726907630522	4.016064257028112E-4	0.004016064257028113	0.016064257028112452	0.12449799196787148	0.005220883534136546	0.031726907630522085	0.006425702811244979	0.004016064257028113	0.4461847389558233
61	61	0.07427536231884058	0.034057971014492754	0.27210144927536234	3.6231884057971015E-4	0.005797101449275362	0.009057971014492754	0.21992753623188407	0.0014492753623188406	0.011231884057971014	0.20905797101449278	0.014492753623188406	0.11557971014492753	0.010144927536231885	0.0014492753623188406	0.021014492753623187
62	62	0.007034632034632034	5.411255411255411E-4	0.27326839826839827	5.411255411255411E-4	0.43560606060606055	0.031385281385281384	0.0395021645021645	0.01352813852813853	0.01352813852813853	0.13365800865800864	5.411255411255411E-4	0.0021645021645021645	0.0021645021645021645	0.008658008658008658	0.03787878787878788
63	63	0.02679127725856698	0.028660436137071654	0.0809968847352025	0.008099688473520248	0.00249221183800623	0.24922118380062308	6.230529595015575E-4	0.023052959501557634	0.04735202492211838	0.2828660436137072	6.230529595015575E-4	0.12398753894080997	0.008099688473520248	0.1015576323987539	0.015576323987538943
64	64	0.07757125154894672	0.005452292441140025	0.07980173482032217	2.478314745972738E-4	2.478314745972738E-4	0.1006195786864932	0.021065675340768277	0.006195786864931847	0.005452292441140025	0.29318463444857495	0.01809169764560099	0.11548946716232962	2.478314745972738E-4	2.478314745972738E-4	0.27608426270136305
65	65	0.025128205128205128	0.03282051282051282	0.13897435897435897	5.128205128205128E-4	5.128205128205128E-4	0.04358974358974359	0.298974358974359	5.128205128205128E-4	5.128205128205128E-4	0.1728205128205128	0.045128205128205125	0.21743589743589745	0.0020512820512820513	0.005128205128205128	0.015897435897435898
66	66	0.004374453193350831	0.018810148731408575	0.3862642169728784	0.02274715660542432	0.004374453193350831	0.04111986001749781	4.3744531933508307E-4	0.016185476815398076	0.22090988626421698	0.1657917760279965	4.3744531933508307E-4	0.06342957130358705	0.05424321959755031	4.3744531933508307E-4	4.3744531933508307E-4
67	67	5.473453749315818E-4	0.0021893814997263274	0.09414340448823208	0.2534209085933224	0.003831417624521073	0.00875752599890531	0.018609742747673783	5.473453749315818E-4	0.021893814997263273	0.17624521072796934	0.14340448823207444	0.2583470169677066	0.0021893814997263274	0.0071154898741105635	0.00875752599890531
68	68	2.4894199651481205E-4	9.957679860592482E-4	0.1346776201145133	0.00846402788150361	0.03161563355738113	0.02190689569330346	2.4894199651481205E-4	0.0017425939756036844	2.4894199651481205E-4	0.24968882250435648	0.3557381130196664	0.18620861339307943	0.0069703759024147376	9.957679860592482E-4	2.4894199651481205E-4
69	69	0.011159631246967491	0.27753517709849584	0.26734594856865596	2.4260067928190198E-4	0.004609412906356138	0.07375060650169821	0.03517709849587579	2.4260067928190198E-4	0.006792819019893256	0.16108685104318293	0.007520621057738962	0.07738961669092673	0.013343037360504609	0.015526443474041727	0.04827753517709849
70	70	3.3467202141900936E-4	0.01639892904953146	0.09973226238286478	0.029451137884872823	0.028447121820615796	0.0013386880856760374	0.009370816599732263	0.0013386880856760374	0.006358768406961177	0.16599732262382866	0.4360776439089692	0.18908969210174031	0.007362784471218206	0.0013386880856760374	0.007362784471218206
71	71	0.006764069264069265	0.022186147186147184	0.10497835497835499	0.0010822510822510823	0.016504329004329004	0.09036796536796536	0.04897186147186147	0.0010822510822510823	0.001893939393939394	0.14556277056277056	0.35416666666666663	0.16910173160173161	0.018127705627705628	0.0091991341991342	0.010010822510822512
72	72	2.2371364653243846E-4	0.013646532438478746	0.44317673378076067	0.027740492170022373	0.009619686800894854	0.04384787472035794	0.006263982102908278	0.08612975391498882	0.035123042505592846	0.1458612975391499	8.948545861297538E-4	0.1203579418344519	0.047203579418344514	0.004250559284116331	0.015659955257270694
73	73	0.0027885668758091827	0.019818743153072402	0.03684891943033562	0.0018922418085848022	0.0012946917637685488	0.2211931082561498	0.0012946917637685488	0.33413006672642165	0.024300368489194302	0.2540583607210437	0.0018922418085848022	0.08196394781396275	0.0036848919430335627	0.0039836669654416896	0.010855492480828604
74	74	9.869232667160128E-4	0.02689365901801135	0.077226745620528	0.00616827041697508	2.467308166790032E-4	0.06464347396989883	0.05354058721934369	2.467308166790032E-4	0.19047619047619047	0.36886257093510977	0.003947693066864051	0.0616827041697508	0.0616827041697508	0.023932889217863313	0.05946212681963977
75	75	0.01673360107095047	0.0107095046854083	0.05840026773761713	0.004183400267737617	0.0011713520749665328	0.21000669344042838	6.693440428380187E-4	0.1141231593038822	0.24263721552878179	0.21954484605087013	1.6733601070950468E-4	0.07797858099062918	0.0322958500669344	0.006191432396251674	0.0051874163319946456
76	76	0.23079833522512297	0.007188800605372682	0.19901626939084374	0.006053726825576995	3.783579265985622E-4	0.07075293227393115	3.783579265985622E-4	0.019674612183125235	0.018539538403329548	0.18312523647370413	0.03897086643965191	0.20469163828982218	0.016269390843738178	0.0037835792659856224	3.783579265985622E-4
77	77	0.0049923195084485405	3.8402457757296467E-4	0.19278033794162827	3.8402457757296467E-4	0.007296466973886328	0.1685867895545315	0.06490015360983103	3.8402457757296467E-4	0.002688172043010753	0.26881720430107525	3.8402457757296467E-4	0.03494623655913978	0.22043010752688172	0.007296466973886328	0.02572964669738863
78	78	2.736726874657909E-4	0.04707170224411604	0.18171866447728519	0.3771209633278599	2.736726874657909E-4	0.03968253968253969	2.736726874657909E-4	0.004378762999452655	0.05199781061850028	0.2104542966611932	0.0060207991242474	0.05035577449370553	0.010946907498631636	0.0060207991242474	0.013409961685823753
79	79	0.005420054200542005	0.013550135501355014	0.13224932249322494	5.420054200542005E-4	0.002168021680216802	0.04769647696476965	0.026558265582655824	5.420054200542005E-4	0.002168021680216802	0.19241192411924118	5.420054200542005E-4	0.19241192411924118	5.420054200542005E-4	5.420054200542005E-4	0.3826558265582656
80	80	0.005263906672357377	0.018494807227201593	0.07440603215251103	1.422677479015507E-4	0.018068003983496943	0.09233176838810642	0.045383411580594675	0.006544316403471333	1.422677479015507E-4	0.31469625835823023	1.422677479015507E-4	0.0978802105562669	0.027457675344999287	0.022762839664248115	0.2762839664248115
81	81	0.009296148738379814	0.025232403718459494	0.19156706507304117	0.004316069057104913	3.3200531208499334E-4	0.019256308100929615	0.24734395750332006	0.004316069057104913	3.3200531208499334E-4	0.2104913678618858	0.0013280212483399733	0.13180610889774239	0.0013280212483399733	0.0033200531208499337	0.149734395750332
82	82	0.03966437833714721	0.08543096872616324	0.22044241037376047	7.627765064836002E-4	0.003051106025934401	0.06483600305110603	0.007627765064836004	7.627765064836002E-4	7.627765064836002E-4	0.09916094584286804	0.003051106025934401	0.09916094584286804	7.627765064836002E-4	0.009916094584286803	0.364607170099161
83	83	6.230529595015575E-4	6.230529595015575E-4	0.3800623052959502	6.230529595015575E-4	6.230529595015575E-4	0.04548286604361371	0.028660436137071654	6.230529595015575E-4	6.230529595015575E-4	0.27165109034267915	6.230529595015575E-4	6.230529595015575E-4	0.017445482866043614	0.017445482866043614	0.23426791277258566
84	84	0.00503959683225342	0.02015838732901368	0.2728581713462923	0.026637868970482363	0.043916486681065514	0.007199424046076314	0.013678905687544997	7.199424046076314E-4	7.199424046076314E-4	0.1605471562275018	0.3830093592512599	0.05903527717782577	0.00503959683225342	7.199424046076314E-4	7.199424046076314E-4
85	85	6.830601092896175E-4	0.0047814207650273225	0.28346994535519127	0.021174863387978145	0.008879781420765027	0.023224043715846996	0.1810109289617486	0.01092896174863388	0.0068306010928961755	0.2629781420765028	0.01707650273224044	0.09289617486338798	0.049863387978142076	0.01707650273224044	0.01912568306010929
86	86	0.0024955436720142605	0.053832442067736186	0.1607843137254902	0.23458110516934047	0.00463458110516934	0.08805704099821747	0.00463458110516934	0.00784313725490196	0.036720142602495544	0.21746880570409982	0.00142602495543672	0.12762923351158645	0.05704099821746881	3.5650623885918E-4	0.0024955436720142605
87	87	2.984183825723664E-4	0.01014622500746046	0.13100566994926888	0.036108624291256344	0.034318113995822144	0.028051327961802448	2.984183825723664E-4	2.984183825723664E-4	2.984183825723664E-4	0.13279618024470308	0.40584900029841836	0.21784541927782752	0.0011936735302894657	2.984183825723664E-4	0.0011936735302894657
88	88	0.002918855808523059	0.0011675423234092236	0.08610624635143023	2.918855808523059E-4	0.0020431990659661413	0.15002918855808525	0.13251605370694688	0.07384705195563339	0.0020431990659661413	0.22270869819030942	0.004670169293636894	0.16053706946876825	0.002918855808523059	0.005545826036193812	0.152656158785756
89	89	0.002861230329041488	0.024320457796852647	0.24535050071530756	0.23247496423462088	0.011444921316165951	0.020028612303290415	0.00715307582260372	7.15307582260372E-4	7.15307582260372E-4	0.17238912732474962	0.1680972818311874	0.11015736766809729	7.15307582260372E-4	0.002861230329041488	7.15307582260372E-4
90	90	0.003632299525006985	0.13439508242525847	0.1813355685945795	0.006985191394244202	0.0044705224923162895	0.022073204805811677	0.0011176306230790724	2.794076557697681E-4	2.794076557697681E-4	0.23246716960044703	0.31126012852752166	0.09667504889633975	2.794076557697681E-4	0.003632299525006985	0.0011176306230790724
91	91	0.03327740492170022	0.011884787472035793	0.1029082774049217	5.592841163310962E-4	9.787472035794184E-4	0.22706935123042507	0.003076062639821029	0.07060961968680089	0.21406599552572705	0.2446868008948546	9.787472035794184E-4	0.06347874720357942	0.016918344519015662	0.005592841163310962	0.0039149888143176735
92	92	2.7917364600781687E-4	0.01954215522054718	0.08570630932439978	2.7917364600781687E-4	2.7917364600781687E-4	0.05555555555555555	0.06895589056393076	0.0027917364600781687	2.7917364600781687E-4	0.15857063093243998	0.285036292573981	0.2222222222222222	0.009491903964265774	0.014517029592406475	0.07649357900614182
93	93	0.009361417586091608	0.017385489802741558	0.16984286191909062	0.002340354396522902	0.0013373453694416582	0.11868940153794717	0.009361417586091608	3.3433634236041456E-4	0.26613172851889	0.1437646272149783	0.0013373453694416582	0.0013373453694416582	0.229020394516884	0.022400534938147774	0.00735539953192912
94	94	0.007101411622066337	0.010998527756127132	0.11206373949943708	0.007621027106607776	0.003723910972546982	0.14064259114921626	0.0024248722611933836	0.03152333939551399	0.27704165584134405	0.25028145838745997	0.015675067117000088	0.1372650904996969	6.062180652983459E-4	8.660258075690656E-4	0.002165064518922664
95	95	0.003333333333333333	0.003333333333333333	0.2833333333333333	0.003333333333333333	0.04333333333333333	0.06333333333333332	0.30333333333333334	0.003333333333333333	0.023333333333333334	0.22333333333333333	0.013333333333333332	0.013333333333333332	0.003333333333333333	0.003333333333333333	0.013333333333333332
96	96	0.15103127079174986	3.3266799733865603E-4	0.11510312707917499	0.002328675981370592	0.014304723885562209	0.06719893546240852	0.13007318695941453	0.015302727877578177	3.3266799733865603E-4	0.31270791749833665	0.010312707917498337	0.15701929474384566	0.0033266799733865605	3.3266799733865603E-4	0.020292747837658016
97	97	0.0029433406916850625	7.358351729212656E-4	0.2832965415746873	7.358351729212656E-4	7.358351729212656E-4	0.013980868285504046	0.30095658572479767	0.0029433406916850625	0.01177336276674025	0.27005150846210446	0.0051508462104488595	0.049300956585724795	7.358351729212656E-4	0.022810890360559236	0.03384841795437822
98	98	3.313452617627568E-4	0.24884029158383036	0.29754804506295557	3.313452617627568E-4	0.00927766732935719	0.06196156394963552	3.313452617627568E-4	0.0013253810470510272	0.0013253810470510272	0.28462557985420806	0.0013253810470510272	0.043074884029158385	0.0023194168323392977	0.018223989396951624	0.029158383035122595
99	99	0.017201301720130173	0.0018596001859600185	0.17340771734077173	0.0018596001859600185	4.6490004649000463E-4	0.08414690841469084	0.05067410506741051	0.25430032543003256	0.0018596001859600185	0.24174802417480243	0.014411901441190145	0.1413296141329614	0.0032543003254300326	0.004649000464900047	0.008833100883310088
100	100	0.01175141242937853	0.009717514124293785	0.2741242937853107	9.03954802259887E-4	2.2598870056497175E-4	0.10531073446327684	2.2598870056497175E-4	2.2598870056497175E-4	0.04293785310734463	0.30395480225988697	0.0015819209039548024	0.03954802259887006	0.1887005649717514	0.02056497175141243	2.2598870056497175E-4
101	101	9.746588693957114E-4	0.07115009746588694	0.31676413255360625	0.009746588693957116	9.746588693957114E-4	0.07407407407407407	9.746588693957114E-4	9.746588693957114E-4	0.03021442495126706	0.12378167641325537	0.006822612085769981	0.003898635477582846	0.3313840155945419	0.009746588693957116	0.018518518518518517
102	102	0.023263888888888886	0.10138888888888889	0.14409722222222224	0.27638888888888885	0.009722222222222222	0.05451388888888889	0.0024305555555555556	0.0013888888888888887	0.02638888888888889	0.20555555555555557	0.0034722222222222225	0.11701388888888889	0.02638888888888889	3.472222222222222E-4	0.007638888888888889
103	103	0.008783633533466756	0.01879030464754281	0.20324660885034468	0.00644874360684901	0.007449410718256615	0.1795641538803647	0.0027796308650211254	0.00711585501445408	0.2843006448743607	0.19590838336668892	0.00177896375361352	0.0311318656882366	0.04747609517456082	0.005114520791638871	1.11185234600845E-4
104	104	6.218905472636816E-4	0.03606965174129353	0.10696517412935323	0.06218905472636816	0.004353233830845771	6.218905472636816E-4	0.3009950248756219	0.006218905472636816	0.0024875621890547263	0.2674129353233831	0.03606965174129353	0.07338308457711443	0.034203980099502485	0.00808457711442786	0.06032338308457712
105	105	4.3630017452006976E-4	0.001745200698080279	0.48603839441535773	0.003054101221640489	4.3630017452006976E-4	0.056719022687609075	0.04101221640488656	0.001745200698080279	0.08682373472949388	0.2412739965095986	0.005671902268760907	0.018760907504363003	0.014834205933682374	0.029232111692844676	0.012216404886561956
106	106	4.5662100456621003E-4	0.016894977168949773	0.13333333333333333	4.5662100456621003E-4	0.008675799086757991	0.034703196347031964	0.3210045662100457	0.0018264840182648401	4.5662100456621003E-4	0.1949771689497717	0.08264840182648402	0.16621004566210046	0.00593607305936073	0.0018264840182648401	0.03059360730593607
107	107	0.006065618968844775	0.03584229390681004	0.07802591673559416	0.052384891094568516	0.0027570995312930797	0.05734767025089605	0.0027570995312930797	0.03666942376619796	0.0242624758753791	0.27488282326992003	0.24676040805073063	0.15743038323683486	0.011855527984560243	0.0068927488282327	0.006065618968844775
108	108	0.0021436227224008574	0.006645230439442659	0.1532690246516613	0.03172561629153269	2.1436227224008573E-4	0.09989281886387996	0.009217577706323688	0.005359056806002144	0.37384780278670954	0.17963558413719183	0.016291532690246517	0.10503751339764202	0.0015005359056806003	2.1436227224008573E-4	0.015005359056806002
109	109	0.02110947471772214	0.010800196367206676	0.14187530682376043	0.006381934216985763	0.3848797250859106	0.025527736867943053	0.0034364261168384883	4.909180166912126E-4	0.0034364261168384883	0.2508591065292096	0.004909180166912126	0.1404025527736868	0.0019636720667648502	0.0019636720667648502	0.0019636720667648502
110	110	0.03273809523809524	0.1800595238095238	0.4657738095238095	0.005952380952380952	0.001488095238095238	0.005952380952380952	0.005952380952380952	0.001488095238095238	0.001488095238095238	0.22470238095238096	0.005952380952380952	0.050595238095238096	0.014880952380952382	0.001488095238095238	0.001488095238095238
111	111	8.438818565400843E-4	0.016033755274261603	0.3375527426160338	0.018565400843881856	8.438818565400843E-4	0.05147679324894514	0.04894514767932489	0.005907172995780591	0.03375527426160338	0.15780590717299578	0.016033755274261603	0.003375527426160337	8.438818565400843E-4	0.021097046413502112	0.2869198312236287
112	112	0.03595670519170794	0.0073381031003485605	0.057971014492753624	0.005136672170243993	1.83452577508714E-4	0.3265455879655109	0.027701339203815813	0.027701339203815813	0.03815813612181251	0.18785543936892313	0.0034855989726655656	0.10144927536231885	0.017794900018345258	0.16033755274261602	0.0023848835076132817
113	113	3.192848020434227E-4	0.008939974457215838	0.21583652618135377	3.192848020434227E-4	3.192848020434227E-4	0.12579821200510857	0.15357598978288634	0.14399744572158366	0.0012771392081736908	0.28097062579821197	0.0012771392081736908	0.0280970625798212	0.0012771392081736908	0.010855683269476373	0.02713920817369093
114	114	0.025091681142636556	0.0025091681142636554	0.08299556070256708	0.007720517274657402	0.004825323296660877	0.17158849642926075	0.007141478479058098	0.0418838062150164	0.07894228913337194	0.1889596602972399	0.0054043620922601815	0.13395097471530593	0.003667245705462266	0.21906967766840377	0.026249758733835168
115	115	0.0029849210025217434	0.003911275796407802	0.05918377849827595	0.0015953888116926561	0.0048376305902938605	0.14425402707014565	0.017960990170346355	0.3259739591374608	0.0091606196284288	0.2850599557408265	0.00699912510936133	0.09948021203231949	0.02120323194894756	0.004683238124646184	0.012711646338325356
116	116	0.13440860215053763	0.007680491551459293	0.39247311827956993	0.009984639016897081	7.680491551459293E-4	0.08602150537634409	0.01228878648233487	7.680491551459293E-4	0.16666666666666666	0.10906298003072197	0.01228878648233487	0.039938556067588324	0.0261136712749616	7.680491551459293E-4	7.680491551459293E-4
117	117	0.003964623360780725	3.049710277523635E-4	0.2107349801768832	0.001219884111009454	3.049710277523635E-4	0.04696553827386399	0.09362610551997559	3.049710277523635E-4	0.007624275693809089	0.3351631594998475	3.049710277523635E-4	0.08539188777066178	0.013113754193351632	0.18603232692894175	0.014943580359865812
118	118	0.0035144633684779667	0.22087050554203838	0.1730197350635307	0.010813733441470668	2.703433360367667E-4	0.09029467423628007	0.014868883482022166	2.703433360367667E-4	0.014868883482022166	0.20951608542849418	2.703433360367667E-4	0.07001892403352257	0.002703433360367667	0.006758583400919168	0.181941065152744
119	119	3.8402457757296467E-4	0.02572964669738863	0.3713517665130568	3.8402457757296467E-4	3.8402457757296467E-4	0.039554531490015366	0.11904761904761904	0.006144393241167435	0.03840245775729647	0.1662826420890937	0.08102918586789554	0.10061443932411673	0.043010752688172046	3.8402457757296467E-4	0.007296466973886328
120	120	0.03188839063278525	0.05132037867463877	0.25311410064773293	0.001993024414549078	0.01245640259093174	0.004982561036372696	0.016940707523667164	4.982561036372695E-4	0.003487792725460887	0.2590931738913802	4.982561036372695E-4	0.08719481813652218	0.018435475834578975	0.001993024414549078	0.25610363726955654
121	121	0.004713804713804714	6.734006734006733E-4	0.17845117845117844	0.006734006734006735	0.006734006734006735	0.02693602693602694	0.28350168350168353	0.008754208754208754	0.006734006734006735	0.37643097643097645	0.014814814814814814	0.055218855218855216	0.012794612794612794	0.012794612794612794	0.004713804713804714
122	122	0.0020703933747412005	0.039337474120082816	0.32505175983436857	0.008281573498964802	0.0020703933747412005	0.03312629399585921	0.02691511387163561	0.020703933747412008	0.0020703933747412005	0.06418219461697723	0.0020703933747412005	0.0020703933747412005	0.008281573498964802	0.0020703933747412005	0.46169772256728775
123	123	0.0013788348845225785	0.01275422268183385	0.24543260944501896	0.0044812133746983795	0.0024129610479145126	0.042743881420199935	0.25784212340572216	0.0013788348845225785	3.447087211306446E-4	0.2123405722164771	0.024129610479145122	0.13478110996208206	0.024129610479145122	0.013788348845225784	0.022061358152361255
124	124	0.021853986551392892	0.0196926032660903	0.23150816522574447	0.003121998078770413	0.003121998078770413	0.24375600384245916	0.02761767531219981	0.00888568683957733	0.10830931796349665	0.20845341018251679	2.4015369836695484E-4	0.07372718539865514	0.007444764649375601	0.021133525456292025	0.021133525456292025
125	125	0.0015741833923652105	3.935458480913026E-4	0.1904761904761905	0.006296733569460842	0.009838646202282567	0.06650924832743015	0.349862258953168	0.0015741833923652105	0.016922471467926015	0.22825659189295555	3.935458480913026E-4	0.0771349862258953	0.0015741833923652105	0.0015741833923652105	0.04761904761904762
