0	0	0.1084332996097702	0.016367972250325193	0.040937996820349765	0.003938430409018644	3.6132389073565546E-5	3.251915016620899E-4	3.6132389073565546E-5	0.008563376210435033	3.6132389073565546E-5	0.002059546177193236	0.019981211157681745	4.6972105795635205E-4	1.8066194536782773E-4	0.11652695476224888	0.09051163462928169	0.2580213903743315	0.01839138603844486	0.030098280098280097	0.10525364937129643	0.17983090041913571
1	1	0.001004016064257028	0.001004016064257028	0.001004016064257028	0.001004016064257028	0.1576305220883534	0.07730923694779117	0.001004016064257028	0.001004016064257028	0.01706827309236948	0.001004016064257028	0.001004016064257028	0.07730923694779117	0.001004016064257028	0.05321285140562249	0.0572289156626506	0.001004016064257028	0.025100401606425703	0.35040160642570284	0.04919678714859438	0.12550200803212852
2	2	0.32874081496325985	4.1750167000668005E-4	0.05886773547094189	8.350033400133601E-5	0.002421509686038744	0.010103540414161657	0.002421509686038744	8.350033400133601E-5	8.350033400133601E-5	7.51503006012024E-4	0.005761523046092184	0.0050935203740814965	0.0027555110220440883	0.16842017368069473	0.08825985303941215	0.06187374749498998	0.030143620574482298	0.010771543086172345	0.10562792251169005	0.11731796927187708
3	3	2.0938023450586265E-4	0.0010469011725293131	0.17608877721943048	0.07307370184254607	2.0938023450586265E-4	2.0938023450586265E-4	0.005234505862646567	2.0938023450586265E-4	0.0010469011725293131	0.34778056951423786	2.0938023450586265E-4	0.013609715242881073	0.0010469011725293131	0.006072026800670017	0.08479899497487438	2.0938023450586265E-4	0.003559463986599665	0.04041038525963149	0.2095896147403685	0.035385259631490786
4	4	2.723311546840959E-4	2.723311546840959E-4	0.04384531590413943	0.0024509803921568627	0.0013616557734204794	0.0013616557734204794	2.723311546840959E-4	2.723311546840959E-4	0.397875816993464	0.0024509803921568627	0.012254901960784314	0.010076252723311547	0.0013616557734204794	0.05800653594771242	0.028594771241830064	0.011165577342047931	0.028594771241830064	0.08959694989106753	0.2627995642701525	0.047113289760348585
5	5	0.0019500780031201249	0.03159126365054602	0.1766770670826833	3.90015600624025E-4	0.014430577223088924	0.2843213728549142	0.1454758190327613	0.02691107644305772	3.90015600624025E-4	3.90015600624025E-4	3.90015600624025E-4	0.005070202808112325	0.0019500780031201249	0.02847113884555382	0.05499219968798752	3.90015600624025E-4	3.90015600624025E-4	0.03003120124804992	0.1392355694227769	0.05655226209048362
6	6	0.0021626297577854673	0.0038927335640138406	0.17517301038062283	0.0021626297577854673	4.3252595155709344E-4	0.03157439446366782	0.04541522491349481	0.03330449826989619	0.2945501730103806	0.005622837370242215	0.007352941176470588	0.005622837370242215	0.012543252595155709	0.08001730103806229	0.022923875432525952	4.3252595155709344E-4	0.0021626297577854673	0.08001730103806229	0.15614186851211073	0.038494809688581315
7	7	0.03349626221966648	0.05534790109258195	0.21693502012650948	0.005319148936170213	1.437607820586544E-4	0.0076193214491086835	0.06282346175963197	0.1318286371477861	0.002443933294997125	0.08237492811960898	1.437607820586544E-4	0.0076193214491086835	1.437607820586544E-4	0.03349626221966648	0.10365152386428982	0.009919493962047153	0.007044278320874065	0.009344450833812535	0.17898217366302474	0.05132259919493962
8	8	3.3783783783783786E-4	0.023310810810810812	0.08547297297297297	3.3783783783783786E-4	0.01114864864864865	0.03277027027027027	0.008445945945945946	3.3783783783783786E-4	3.3783783783783786E-4	0.28412162162162163	0.02195945945945946	0.08682432432432433	3.3783783783783786E-4	0.03412162162162162	0.03006756756756757	3.3783783783783786E-4	0.0057432432432432436	0.17060810810810811	0.1597972972972973	0.04358108108108108
9	9	0.02441860465116279	0.005813953488372093	0.0011627906976744186	0.0011627906976744186	0.0011627906976744186	0.35	0.0011627906976744186	0.0011627906976744186	0.0011627906976744186	0.0011627906976744186	0.005813953488372093	0.02441860465116279	0.0011627906976744186	0.08953488372093023	0.0011627906976744186	0.0011627906976744186	0.14069767441860465	0.2569767441860465	0.08953488372093023	0.0011627906976744186
10	10	1.7482517482517483E-4	0.00506993006993007	0.08479020979020979	0.0022727272727272726	0.018356643356643356	8.741258741258741E-4	1.7482517482517483E-4	1.7482517482517483E-4	0.01695804195804196	0.002972027972027972	1.7482517482517483E-4	0.030244755244755245	0.1687062937062937	0.11206293706293706	0.03653846153846154	0.06451048951048952	0.01765734265734266	0.029545454545454545	0.31276223776223777	0.09597902097902097
11	11	0.03668683812405446	0.023071104387291982	0.14409984871406958	0.026096822995461424	0.14712556732223903	0.06543116490166415	0.0018910741301059002	3.7821482602118004E-4	0.0018910741301059002	3.7821482602118004E-4	3.7821482602118004E-4	0.00340393343419062	0.0472768532526475	0.05030257186081694	0.10930408472012103	0.032148260211800304	0.032148260211800304	0.07602118003025718	0.15468986384266264	0.0472768532526475
12	12	0.005295250320924262	1.6046213093709883E-4	0.1394415917843389	0.0701219512195122	0.010430038510911425	1.6046213093709883E-4	0.020057766367137356	0.21325417201540436	0.0033697047496790756	0.1535622593068036	8.023106546854943E-4	1.6046213093709883E-4	0.007862644415917844	0.05343388960205391	0.048940949935815145	8.023106546854943E-4	0.005937098844672657	0.08424261874197689	0.09515404364569961	0.08681001283697047
13	13	0.4069652444193275	0.018154846001695393	0.10801073749646793	6.357728171799943E-4	0.018437411698219837	7.064142413111048E-5	7.064142413111048E-5	0.00289629838937553	7.064142413111048E-5	3.532071206555524E-4	0.0051568239615710654	0.011938400678157672	0.005721955354619949	0.08003673354054817	0.06421305453517943	0.00883017801638881	7.064142413111048E-5	0.012503532071206556	0.15661203729867193	0.09925120090421023
14	14	6.188118811881188E-4	0.003094059405940594	0.0327970297029703	6.188118811881188E-4	0.38675742574257427	0.07982673267326733	6.188118811881188E-4	0.017945544554455444	6.188118811881188E-4	6.188118811881188E-4	0.055074257425742575	0.008044554455445545	6.188118811881188E-4	0.01547029702970297	0.005569306930693069	6.188118811881188E-4	0.008044554455445545	0.24814356435643564	0.10705445544554455	0.027846534653465347
15	15	0.0026887149709669276	0.012736682655894976	0.011625852057561222	6.18530674072204E-4	1.2623074981065388E-5	0.00763696036354456	9.214844736177733E-4	5.175460742236809E-4	0.0015273920727089118	3.155768745266347E-4	0.0033956071699065894	0.005112345367331482	6.311537490532694E-5	0.016422620550366068	0.2921105781368341	0.26797525877303713	0.053483968694774044	0.030560464529159302	0.15275183034587225	0.13952284776571572
16	16	9.225092250922509E-4	9.225092250922509E-4	0.004612546125461255	9.225092250922509E-4	9.225092250922509E-4	0.052583025830258305	0.27767527675276754	0.07103321033210332	9.225092250922509E-4	9.225092250922509E-4	9.225092250922509E-4	9.225092250922509E-4	9.225092250922509E-4	0.004612546125461255	0.06734317343173432	9.225092250922509E-4	9.225092250922509E-4	0.21125461254612546	0.19649446494464945	0.10424354243542436
17	17	4.6468401486988845E-4	4.6468401486988845E-4	0.19005576208178437	4.6468401486988845E-4	0.020910780669144983	4.6468401486988845E-4	4.6468401486988845E-4	0.08224907063197026	4.6468401486988845E-4	0.0060408921933085506	0.0060408921933085506	0.16775092936802974	0.0023234200743494425	0.12871747211895912	0.061802973977695165	4.6468401486988845E-4	4.6468401486988845E-4	0.08224907063197026	0.16775092936802974	0.0803903345724907
18	18	0.004017013232514178	2.3629489603024575E-4	0.14012287334593573	2.3629489603024575E-4	0.00496219281663516	0.21857277882797732	0.03709829867674858	0.014413988657844991	0.0021266540642722116	0.04560491493383743	2.3629489603024575E-4	0.0030718336483931945	0.031427221172022686	0.08246691871455576	0.06734404536862004	0.004017013232514178	0.10326086956521739	0.043714555765595464	0.13728733459357279	0.059782608695652176
19	19	0.0022893772893772895	0.004120879120879121	0.11584249084249085	0.011446886446886446	0.3301282051282051	4.578754578754579E-4	0.01694139194139194	0.08104395604395605	0.0022893772893772895	4.578754578754579E-4	0.005952380952380952	4.578754578754579E-4	4.578754578754579E-4	0.07005494505494506	0.07738095238095238	4.578754578754579E-4	4.578754578754579E-4	0.059065934065934064	0.09386446886446886	0.12683150183150182
20	20	0.07345779220779221	0.013392857142857142	0.013392857142857142	4.0584415584415587E-4	4.0584415584415587E-4	4.0584415584415587E-4	0.01176948051948052	4.0584415584415587E-4	0.0036525974025974025	0.006899350649350649	0.0036525974025974025	4.0584415584415587E-4	4.0584415584415587E-4	0.3867694805194805	0.06858766233766234	0.008522727272727272	0.12215909090909091	0.032873376623376624	0.16112012987012986	0.09131493506493507
21	21	0.004145408163265306	0.0194515306122449	0.18016581632653061	0.3510841836734694	0.010522959183673469	0.010522959183673469	0.005420918367346939	0.0028698979591836736	0.023278061224489797	0.0028698979591836736	0.004145408163265306	3.1887755102040814E-4	3.1887755102040814E-4	0.025829081632653062	0.06664540816326531	3.1887755102040814E-4	3.1887755102040814E-4	0.033482142857142856	0.20950255102040816	0.04878826530612245
22	22	0.00848345203183913	0.006388772517804776	0.13332635106828655	0.30550900712191037	0.008902387934645999	0.0013615416841223293	0.023146208630079598	1.0473397570171764E-4	0.0021994134897360706	0.05289065772936741	0.0021994134897360706	0.00848345203183913	0.015186426476749058	0.044930875576036866	0.06713447842480101	5.236698785085882E-4	0.0021994134897360706	0.0813782991202346	0.16307080016757436	0.07258064516129033
23	23	0.005597014925373134	0.02527137042062415	0.16095658073270014	1.6960651289009497E-4	1.6960651289009497E-4	0.03476933514246947	1.6960651289009497E-4	1.6960651289009497E-4	0.348202170963365	1.6960651289009497E-4	1.6960651289009497E-4	0.0028833107191316145	0.005597014925373134	0.02934192672998643	0.08836499321573948	1.6960651289009497E-4	0.031377204884667574	0.04291044776119403	0.192842605156038	0.03069877883310719
24	24	0.0029680365296803654	0.024885844748858448	0.14178082191780822	0.0029680365296803654	0.024885844748858448	0.0029680365296803654	0.007534246575342466	0.001141552511415525	0.002054794520547945	0.034018264840182645	0.0029680365296803654	0.02214611872146119	0.2714611872146119	0.09429223744292238	0.10799086757990868	0.0038812785388127853	0.018493150684931507	0.03584474885844749	0.12990867579908677	0.06780821917808219
25	25	3.3921302578018993E-4	3.3921302578018993E-4	0.13059701492537312	0.012550881953867029	3.3921302578018993E-4	0.0016960651289009499	3.3921302578018993E-4	3.3921302578018993E-4	0.4453867028493894	0.012550881953867029	3.3921302578018993E-4	0.007123473541383989	0.011194029850746268	0.041044776119402986	0.08582089552238806	0.0016960651289009499	0.024762550881953865	0.03154681139755767	0.14009497964721845	0.05189959294436906
26	26	3.201024327784891E-4	3.201024327784891E-4	0.02976952624839949	0.002880921895006402	0.005441741357234315	0.279449423815621	3.201024327784891E-4	0.002880921895006402	3.201024327784891E-4	3.201024327784891E-4	3.201024327784891E-4	0.009282970550576185	3.201024327784891E-4	0.002880921895006402	0.14500640204865556	3.201024327784891E-4	0.02976952624839949	0.18725992317541612	0.17573623559539053	0.12708066581306018
27	27	1.6129032258064516E-4	0.009193548387096774	0.22080645161290322	0.0027419354838709676	0.0066129032258064515	0.009838709677419354	0.007258064516129033	0.0066129032258064515	0.017580645161290324	0.3124193548387097	1.6129032258064516E-4	0.01629032258064516	0.042741935483870966	0.06983870967741936	0.031129032258064515	0.02209677419354839	0.019516129032258064	0.047903225806451614	0.11370967741935484	0.04338709677419355
28	28	0.004766600920447075	0.005424063116370809	0.09812623274161736	1.643655489809336E-4	0.0034516765285996054	0.019230769230769232	0.0034516765285996054	0.0014792899408284023	0.43671926364234054	1.643655489809336E-4	8.21827744904668E-4	0.013313609467455622	1.643655489809336E-4	0.023175542406311637	0.048159105851413544	0.019888231426692965	1.643655489809336E-4	0.0067389875082182775	0.27038132807363574	0.04421433267587114
29	29	3.9936102236421724E-4	0.019568690095846646	0.13298722044728434	0.4508785942492013	3.9936102236421724E-4	0.017971246006389777	3.9936102236421724E-4	3.9936102236421724E-4	0.014776357827476038	0.0115814696485623	3.9936102236421724E-4	3.9936102236421724E-4	0.009984025559105431	0.025958466453674122	0.0626996805111821	0.001996805111821086	3.9936102236421724E-4	0.08027156549520767	0.14896166134185304	0.019568690095846646
30	30	1.3206550449022716E-4	1.3206550449022716E-4	0.06880612783940834	0.011225567881669308	1.3206550449022716E-4	1.3206550449022716E-4	0.02548864236661384	0.009112519809825673	0.01809297411516112	0.27324352879027997	0.0027733755942947703	0.01862123613312203	0.001716851558372953	0.001716851558372953	0.08095615425250924	0.0011885895404120444	0.03711040676175383	0.10208663497094558	0.2684891706286318	0.0788431061806656
31	31	0.0050712719298245616	0.0012335526315789473	0.1377467105263158	0.009457236842105263	1.3706140350877192E-4	1.3706140350877192E-4	0.09772478070175439	0.2654879385964912	0.011650219298245614	0.09059758771929824	0.001781798245614035	1.3706140350877192E-4	0.011650219298245614	0.0434484649122807	0.08621162280701754	1.3706140350877192E-4	1.3706140350877192E-4	0.03741776315789474	0.13610197368421054	0.06373355263157894
32	32	0.009689922480620155	0.02054263565891473	0.34147286821705425	3.875968992248062E-4	3.875968992248062E-4	3.875968992248062E-4	3.875968992248062E-4	0.009689922480620155	0.04534883720930233	0.13992248062015503	3.875968992248062E-4	0.0034883720930232558	0.018992248062015504	0.012790697674418604	0.11511627906976744	0.01124031007751938	0.0034883720930232558	0.023643410852713178	0.22829457364341085	0.01434108527131783
33	33	0.0019494987003341997	0.007519494987003342	0.22177868548087634	0.018659487560341626	0.0012068325287783142	8.354994430003714E-4	0.020516152989231342	0.02720014853323431	0.03351281099145934	0.024972150018566654	0.007890828072781285	0.2570553286297809	0.05207946528035648	0.007519494987003342	0.04910880059413294	0.0019494987003341997	0.0012068325287783142	0.019402153731897513	0.21546602302265133	0.030170813219457852
34	34	3.355704697986577E-4	0.0016778523489932886	0.07013422818791946	0.0030201342281879194	0.4419463087248322	0.07818791946308724	3.355704697986577E-4	0.008389261744966443	0.0016778523489932886	3.355704697986577E-4	3.355704697986577E-4	3.355704697986577E-4	0.0016778523489932886	0.05536912751677853	0.06610738255033557	3.355704697986577E-4	3.355704697986577E-4	0.1063758389261745	0.11308724832214766	0.05
35	35	2.0308692120227456E-4	0.01157595450852965	0.08956133225020309	2.0308692120227456E-4	2.0308692120227456E-4	0.006701868399675061	0.23497156783103168	0.020511779041429732	0.0034524776604386675	2.0308692120227456E-4	0.053005686433793664	2.0308692120227456E-4	2.0308692120227456E-4	2.0308692120227456E-4	0.15698619008935824	0.0018277822908204712	0.005077173030056864	0.1269293257514216	0.21060113728675872	0.07737611697806661
36	36	0.006944444444444444	0.02361111111111111	0.0125	0.018055555555555554	0.006944444444444444	0.02361111111111111	0.3125	0.001388888888888889	0.001388888888888889	0.001388888888888889	0.006944444444444444	0.08472222222222223	0.001388888888888889	0.0625	0.02361111111111111	0.07361111111111111	0.02361111111111111	0.19583333333333333	0.09027777777777778	0.029166666666666667
37	37	0.003003432494279176	0.0035755148741418766	0.15346109839816935	0.2821796338672769	0.007008009153318078	1.4302059496567506E-4	0.014445080091533181	0.008724256292906178	1.4302059496567506E-4	0.021882151029748283	0.009868421052631578	1.4302059496567506E-4	0.008152173913043478	0.0710812356979405	0.12199656750572083	7.151029748283753E-4	1.4302059496567506E-4	0.040188787185354694	0.16490274599542334	0.08824370709382151
38	38	0.004037467700258398	0.08349483204134367	0.0027454780361757104	1.6149870801033592E-4	1.6149870801033592E-4	0.0692829457364341	8.074935400516795E-4	1.6149870801033592E-4	0.002099483204134367	1.6149870801033592E-4	1.6149870801033592E-4	8.074935400516795E-4	0.0014534883720930232	0.004683462532299742	0.16166020671834624	0.08866279069767442	0.25339147286821706	0.038921188630490954	0.10868863049095608	0.1784560723514212
39	39	0.012845262845262845	0.010766260766260766	0.11531036531036531	7.425007425007424E-5	0.017597267597267596	0.0015592515592515593	0.013736263736263736	0.01343926343926344	3.7125037125037126E-4	0.004826254826254826	0.0024502524502524503	0.006608256608256608	0.14114939114939115	0.1355063855063855	0.11323136323136324	0.029774279774279773	0.03749628749628749	0.07105732105732106	0.1346153846153846	0.13758538758538758
40	40	1.7580872011251758E-4	0.009317862165963432	0.10425457102672292	0.0022855133614627285	0.21255274261603377	0.024789029535864978	0.09018987341772151	0.03322784810126582	0.0022855133614627285	0.0050984528832630095	1.7580872011251758E-4	0.010021097046413503	0.021976090014064698	0.0290084388185654	0.09862869198312237	1.7580872011251758E-4	0.0029887482419127987	0.06768635724331927	0.11972573839662447	0.16543600562587904
41	41	5.656108597285068E-4	0.025452488687782805	0.08201357466063348	5.656108597285068E-4	0.007352941176470588	0.10463800904977376	0.2856334841628959	0.005090497737556561	5.656108597285068E-4	0.02771493212669683	0.005090497737556561	0.011877828054298642	5.656108597285068E-4	5.656108597285068E-4	0.057126696832579184	5.656108597285068E-4	5.656108597285068E-4	0.1589366515837104	0.21097285067873303	0.01414027149321267
42	42	0.016598569969356484	2.553626149131767E-4	0.11772216547497447	0.3026046986721144	2.553626149131767E-4	2.553626149131767E-4	2.553626149131767E-4	0.05541368743615935	0.0012768130745658835	0.020684371807967315	0.005362614913176711	2.553626149131767E-4	0.004341164453524004	0.06664964249233912	0.04622063329928498	0.019662921348314606	2.553626149131767E-4	0.09525025536261492	0.1555158324821246	0.09116445352400408
43	43	3.2175032175032174E-4	0.01447876447876448	0.10842985842985843	3.2175032175032174E-4	0.02734877734877735	0.02734877734877735	0.3156370656370656	0.004182754182754183	3.2175032175032174E-4	0.015765765765765764	0.01833976833976834	0.004182754182754183	0.011904761904761904	0.004182754182754183	0.12902187902187903	0.0054697554697554695	3.2175032175032174E-4	0.09427284427284427	0.1702059202059202	0.04794079794079794
44	44	0.0027339003645200487	3.0376670716889426E-4	0.07320777642770353	0.0015188335358444715	0.010024301336573511	0.017314702308626976	0.007594167679222357	3.0376670716889426E-4	0.003948967193195626	3.0376670716889426E-4	3.0376670716889426E-4	0.35874848116646413	3.0376670716889426E-4	0.06227217496962333	0.06470230862697449	0.005164034021871203	0.030680437424058325	0.06227217496962333	0.21415552855407047	0.08414337788578372
45	45	0.008966244725738396	0.07858649789029536	0.15453586497890295	0.027953586497890294	0.004746835443037975	0.006856540084388186	0.004746835443037975	0.10390295358649788	5.274261603375527E-4	0.11867088607594936	5.274261603375527E-4	5.274261603375527E-4	5.274261603375527E-4	0.04272151898734177	0.15664556962025317	0.0026371308016877636	0.006856540084388186	0.04061181434599156	0.19251054852320676	0.0469409282700422
46	46	1.4092446448703494E-4	0.010287485907553552	0.00916009019165727	1.4092446448703494E-4	1.4092446448703494E-4	0.01536076662908681	0.005777903043968433	1.4092446448703494E-4	0.004086809470124014	7.046223224351747E-4	0.010851183765501692	0.030016910935738446	7.046223224351747E-4	0.016488162344983088	0.1044250281848929	0.01705186020293123	0.26902480270574974	0.09935174746335963	0.21040022547914317	0.19574408117249154
47	47	0.005826859045504994	0.011376248612652608	0.11681465038845727	2.774694783573807E-4	0.014705882352941176	2.774694783573807E-4	0.0069367369589345175	0.31437291897891234	2.774694783573807E-4	0.003607103218645949	0.003607103218645949	2.774694783573807E-4	2.774694783573807E-4	0.11237513873473919	0.1667591564927858	0.0047169811320754715	0.0047169811320754715	0.022475027746947835	0.09350721420643729	0.11681465038845727
48	48	6.983240223463687E-4	6.983240223463687E-4	0.014664804469273743	0.031424581005586594	0.039804469273743016	0.020251396648044692	6.983240223463687E-4	6.983240223463687E-4	0.020251396648044692	0.009078212290502794	6.983240223463687E-4	6.983240223463687E-4	0.22695530726256982	0.04259776536312849	0.04818435754189944	0.011871508379888268	6.983240223463687E-4	0.263268156424581	0.21298882681564246	0.05377094972067039
49	49	1.529051987767584E-4	1.529051987767584E-4	0.07599388379204892	1.529051987767584E-4	0.16957186544342506	0.022782874617737002	7.645259938837921E-4	0.0013761467889908258	1.529051987767584E-4	0.006880733944954129	1.529051987767584E-4	0.16529051987767585	0.0154434250764526	0.0845565749235474	0.09434250764525993	0.01055045871559633	0.05030581039755352	0.03195718654434251	0.1811926605504587	0.0882262996941896
50	50	0.030660377358490566	0.0023584905660377358	0.049528301886792456	0.01179245283018868	0.35141509433962265	0.0023584905660377358	0.0023584905660377358	0.04009433962264151	0.01179245283018868	0.030660377358490566	0.0023584905660377358	0.0023584905660377358	0.01179245283018868	0.06839622641509434	0.030660377358490566	0.0023584905660377358	0.0023584905660377358	0.28537735849056606	0.0589622641509434	0.0023584905660377358
51	51	0.0021239380309845076	0.005122438780609695	0.19102948525737132	0.00312343828085957	0.005122438780609695	0.013618190904547725	0.0036231884057971015	0.0016241879060469764	6.246876561719141E-4	0.006621689155422289	0.029610194902548726	0.27198900549725136	0.012618690654672663	0.07608695652173914	0.11606696651674163	0.0016241879060469764	0.0011244377811094452	0.04710144927536232	0.15854572713643178	0.05259870064967516
52	52	8.103727714748784E-5	0.001053484602917342	0.03476499189627229	0.008184764991896272	0.003646677471636953	0.01239870340356564	0.005591572123176661	8.103727714748784E-5	8.103727714748784E-5	0.023095623987034037	0.015640194489465156	0.156645056726094	0.001053484602917342	0.011102106969205834	0.23962722852512156	0.0029983792544570503	0.006888168557536467	0.14076175040518638	0.20559157212317666	0.1307131280388979
53	53	0.010767790262172285	0.011267166042446942	0.025249687890137328	3.121098626716604E-5	1.5605493133583021E-4	0.007022471910112359	0.005149812734082397	0.002278401997503121	2.808988764044944E-4	1.5605493133583021E-4	0.3532147315855181	0.00764669163545568	5.305867665418227E-4	0.025749063670411985	0.1629525593008739	0.018258426966292134	0.004151061173533084	0.06832084893882646	0.15171660424469413	0.14509987515605494
54	54	0.009533898305084746	2.11864406779661E-4	0.16377118644067798	2.11864406779661E-4	0.0019067796610169492	0.002754237288135593	0.22309322033898304	0.05021186440677966	0.012923728813559321	0.07055084745762712	0.005296610169491525	0.00614406779661017	2.11864406779661E-4	0.10190677966101695	0.044279661016949155	0.07309322033898305	2.11864406779661E-4	0.05190677966101695	0.12733050847457628	0.05444915254237288
55	55	4.3252595155709344E-4	0.0038927335640138406	0.12153979238754326	4.3252595155709344E-4	4.3252595155709344E-4	0.03676470588235294	0.0038927335640138406	4.3252595155709344E-4	0.2755190311418685	4.3252595155709344E-4	4.3252595155709344E-4	0.1371107266435986	4.3252595155709344E-4	0.038494809688581315	0.04022491349480969	0.01773356401384083	0.0021626297577854673	0.04022491349480969	0.24437716262975778	0.03503460207612457
56	56	0.002106286454957874	1.6202203499675956E-4	0.17060920285158782	0.309300064808814	0.03191834089436163	1.6202203499675956E-4	0.028677900194426443	0.05913804277381724	0.002106286454957874	0.0027543745949449123	1.6202203499675956E-4	0.009235255994815296	0.010531432274789372	0.04034348671419313	0.07663642255346727	1.6202203499675956E-4	1.6202203499675956E-4	0.0941348023331173	0.10904082955281919	0.052657161373946854
57	57	0.034035936420179685	0.02159640635798203	0.15774015203870076	1.7277125086385625E-4	0.04578438147892191	0.005701451278507256	0.007774706288873531	0.28766413268832064	0.0015549412577747063	0.0015549412577747063	1.7277125086385625E-4	0.0029371112646855565	0.0029371112646855565	0.07757429163787145	0.10038009675190049	0.004319281271596406	1.7277125086385625E-4	0.02712508638562543	0.08172080165860401	0.13908085694540429
58	58	4.816955684007707E-4	4.816955684007707E-4	0.1989402697495183	0.05250481695568401	0.004335260115606936	0.0024084778420038534	0.029383429672447014	0.0871868978805395	4.816955684007707E-4	0.10645472061657033	0.004335260115606936	0.1295761078998073	0.008188824662813102	0.02745664739884393	0.025529865125240848	4.816955684007707E-4	4.816955684007707E-4	0.13921001926782273	0.14691714836223507	0.03516377649325626
59	59	0.0012088974854932303	2.4177949709864604E-4	0.05343326885880077	0.0021760154738878143	0.008945841392649903	0.010880077369439071	2.4177949709864604E-4	0.0021760154738878143	0.007978723404255319	2.4177949709864604E-4	0.19559961315280464	2.4177949709864604E-4	0.05246615087040619	0.113394584139265	0.07277562862669246	0.13370406189555126	0.004110251450676982	0.1124274661508704	0.17722437137330754	0.05053191489361702
60	60	3.0120481927710846E-4	0.002710843373493976	0.01355421686746988	3.0120481927710846E-4	0.4207831325301205	0.006325301204819277	3.0120481927710846E-4	3.0120481927710846E-4	0.009939759036144578	0.0015060240963855422	0.007530120481927711	3.0120481927710846E-4	0.002710843373493976	0.08463855421686747	0.026807228915662652	0.02078313253012048	0.00391566265060241	0.16415662650602408	0.14006024096385541	0.0930722891566265
61	61	0.005706521739130435	0.001358695652173913	0.14592391304347826	0.004619565217391305	2.717391304347826E-4	0.04701086956521739	0.01875	0.1361413043478261	2.717391304347826E-4	0.01875	2.717391304347826E-4	0.06766304347826087	0.007880434782608695	0.0024456521739130437	0.06983695652173913	0.001358695652173913	0.01875	0.23179347826086957	0.19592391304347825	0.025271739130434782
62	62	0.005275974025974026	0.002029220779220779	0.016639610389610388	0.419237012987013	0.019886363636363636	4.0584415584415587E-4	0.006899350649350649	0.018262987012987012	4.0584415584415587E-4	0.0036525974025974025	0.018262987012987012	0.002029220779220779	4.0584415584415587E-4	0.010146103896103896	0.026379870129870128	0.0036525974025974025	0.018262987012987012	0.20170454545454544	0.1578733766233766	0.06858766233766234
63	63	0.06588785046728972	0.07897196261682243	0.11074766355140186	0.011682242990654205	0.00794392523364486	0.10327102803738318	4.6728971962616824E-4	0.013551401869158878	4.6728971962616824E-4	4.6728971962616824E-4	0.04906542056074766	0.02102803738317757	0.006074766355140187	0.10327102803738318	0.16682242990654206	4.6728971962616824E-4	4.6728971962616824E-4	0.03785046728971963	0.04906542056074766	0.1724299065420561
64	64	0.056691449814126396	0.015055762081784387	0.11988847583643122	0.0016728624535315986	0.14888475836431228	0.008364312267657992	0.02695167286245353	0.05520446096654275	1.858736059479554E-4	0.005390334572490706	0.0031598513011152417	1.858736059479554E-4	1.858736059479554E-4	0.04405204460966543	0.09163568773234201	0.005390334572490706	0.003903345724907063	0.06561338289962826	0.09163568773234201	0.25594795539033455
65	65	0.008076923076923077	0.0034615384615384616	0.2542307692307692	3.846153846153846E-4	3.846153846153846E-4	0.0034615384615384616	0.08961538461538461	0.07423076923076923	3.846153846153846E-4	0.04346153846153846	3.846153846153846E-4	0.19115384615384615	3.846153846153846E-4	0.029615384615384616	0.07576923076923077	3.846153846153846E-4	3.846153846153846E-4	0.08038461538461539	0.09884615384615385	0.045
66	66	3.2808398950131233E-4	3.2808398950131233E-4	0.05282152230971129	3.2808398950131233E-4	0.0016404199475065617	0.04757217847769029	0.0016404199475065617	3.2808398950131233E-4	0.017388451443569555	3.2808398950131233E-4	3.2808398950131233E-4	3.2808398950131233E-4	0.2601706036745407	0.002952755905511811	0.10531496062992125	0.017388451443569555	0.135498687664042	0.09350393700787402	0.22998687664041995	0.0318241469816273
67	67	4.1050903119868636E-4	0.023399014778325122	0.20238095238095238	0.002052545155993432	0.01847290640394089	4.1050903119868636E-4	0.031609195402298854	0.03489326765188834	0.20730706075533661	0.15476190476190477	4.1050903119868636E-4	0.04638752052545156	4.1050903119868636E-4	0.02504105090311987	0.05788177339901478	4.1050903119868636E-4	4.1050903119868636E-4	0.01847290640394089	0.17282430213464697	0.002052545155993432
68	68	9.335324869305452E-4	1.8670649738610905E-4	0.23842419716206123	0.03528752800597461	1.8670649738610905E-4	1.8670649738610905E-4	1.8670649738610905E-4	1.8670649738610905E-4	0.0076549663928304704	0.3205750560119492	9.335324869305452E-4	1.8670649738610905E-4	9.335324869305452E-4	9.335324869305452E-4	0.12117251680358476	1.8670649738610905E-4	1.8670649738610905E-4	0.019604182225541448	0.2234876773711725	0.02856609410007468
69	69	1.819505094614265E-4	0.0016375545851528383	0.09115720524017468	9.097525473071324E-4	0.018377001455604076	0.01910480349344978	0.011826783114992722	0.027838427947598252	1.819505094614265E-4	0.0016375545851528383	0.011826783114992722	0.060589519650655024	0.016921397379912665	0.050400291120815136	0.06641193595342067	0.006004366812227074	0.0212882096069869	0.3866448326055313	0.15884279475982532	0.04821688500727802
70	70	0.0012550200803212851	0.002259036144578313	0.23619477911646586	0.024347389558232933	0.006275100401606426	0.0012550200803212851	0.005271084337349397	2.51004016064257E-4	0.03237951807228916	0.3857931726907631	2.51004016064257E-4	0.0012550200803212851	0.003263052208835341	0.015311244979919678	0.05446787148594377	0.0012550200803212851	0.003263052208835341	0.035391566265060244	0.16691767068273092	0.023343373493975902
71	71	0.00588474025974026	0.012378246753246754	0.22179383116883117	0.014001623376623376	0.01075487012987013	2.0292207792207794E-4	0.022118506493506492	0.037540584415584416	2.0292207792207794E-4	0.302150974025974	0.018060064935064936	0.016436688311688312	2.0292207792207794E-4	0.057021103896103896	0.03591720779220779	0.03591720779220779	0.004261363636363636	0.0432224025974026	0.10978084415584416	0.052150974025974024
72	72	0.0055369127516778525	0.0015100671140939597	0.08942953020134228	0.0015100671140939597	0.011577181208053691	0.0015100671140939597	0.006208053691275168	1.6778523489932885E-4	0.012248322147651007	1.6778523489932885E-4	8.389261744966443E-4	1.6778523489932885E-4	0.38540268456375837	0.07197986577181208	0.08271812080536912	0.010906040268456376	0.014932885906040269	0.057885906040268456	0.21963087248322147	0.025671140939597315
73	73	0.3027337914550344	3.7346877801015837E-4	0.060726023304451746	7.469375560203167E-5	0.007544069315805198	7.469375560203167E-5	0.008440394383029579	0.0018673438900507918	7.469375560203167E-5	7.469375560203167E-5	3.7346877801015837E-4	0.004556319091723932	0.016507319988049	0.17037645652823424	0.1183896026292202	0.005153869136540186	0.020690170301762772	0.0054526441589483115	0.11570062742754705	0.16081565581117419
74	74	1.850481125092524E-4	0.17042931162102146	0.037934863064396744	1.850481125092524E-4	0.019430051813471502	0.003145817912657291	0.0423760177646188	0.0268319763138416	1.850481125092524E-4	0.00536639526276832	1.850481125092524E-4	1.850481125092524E-4	0.0016654330125832717	0.032013323464100664	0.13045891931902295	0.03349370836417469	0.029792746113989636	0.0882679496669134	0.16968911917098445	0.20817912657290896
75	75	0.11157128514056225	0.01869979919678715	0.06639056224899599	1.255020080321285E-4	0.0011295180722891566	6.275100401606426E-4	1.255020080321285E-4	0.0011295180722891566	0.007655622489959839	1.255020080321285E-4	0.005145582329317269	0.0026355421686746986	0.017193775100401605	0.19339859437751003	0.08948293172690763	0.012173694779116466	0.2240210843373494	0.011169678714859438	0.14068775100401607	0.09651104417670683
76	76	0.002553916004540295	0.21367763904653803	0.30107832009080593	2.8376844494892167E-4	0.004824063564131668	0.057037457434733256	2.8376844494892167E-4	2.8376844494892167E-4	0.002553916004540295	0.024120317820658342	0.007094211123723042	0.0014188422247446084	0.029795686719636776	0.027525539160045402	0.04909194097616345	0.0014188422247446084	0.002553916004540295	0.07519863791146425	0.13535754824063564	0.06384790011350738
77	77	0.006048387096774193	2.880184331797235E-4	0.03369815668202765	0.0014400921658986176	0.009504608294930876	0.009504608294930876	0.060195852534562215	0.0014400921658986176	2.880184331797235E-4	2.880184331797235E-4	0.1961405529953917	2.880184331797235E-4	2.880184331797235E-4	0.07517281105990783	0.08323732718894009	0.04752304147465438	0.01065668202764977	0.1592741935483871	0.1408410138248848	0.16388248847926268
78	78	0.0018472906403940886	0.005952380952380952	0.0979064039408867	0.0034893267651888342	0.0034893267651888342	0.04207717569786535	0.001026272577996716	2.0525451559934318E-4	0.3589901477832512	0.005952380952380952	0.001026272577996716	0.013341543513957306	2.0525451559934318E-4	0.028119868637110017	0.07245484400656814	2.0525451559934318E-4	0.02894088669950739	0.10447454844006568	0.15537766830870278	0.07491789819376027
79	79	4.065040650406504E-4	4.065040650406504E-4	0.2638211382113821	0.0020325203252032522	0.3434959349593496	0.018292682926829267	0.011788617886178862	0.01016260162601626	4.065040650406504E-4	4.065040650406504E-4	0.005284552845528455	4.065040650406504E-4	0.005284552845528455	0.013414634146341463	0.034552845528455285	0.005284552845528455	0.0020325203252032522	0.03943089430894309	0.10121951219512196	0.141869918699187
80	80	0.0018139137857447717	0.0018139137857447717	0.08930857874519846	0.007789159197609902	0.025714895433205293	0.007789159197609902	0.015471617584293641	0.2817968416559966	1.0670081092616304E-4	1.0670081092616304E-4	9.603072983354673E-4	1.0670081092616304E-4	1.0670081092616304E-4	0.0568715322236449	0.13497652582159625	0.008215962441314555	1.0670081092616304E-4	0.08930857874519846	0.1183311993171148	0.1593043107127614
81	81	0.005229083665338645	0.001245019920318725	0.16359561752988047	2.49003984063745E-4	0.10483067729083666	0.0032370517928286854	0.29606573705179284	0.0022410358565737054	0.011205179282868526	0.0022410358565737054	0.004233067729083665	2.49003984063745E-4	0.013197211155378486	0.012201195219123506	0.06399402390438247	2.49003984063745E-4	2.49003984063745E-4	0.05104581673306773	0.20642430278884463	0.05801792828685259
82	82	5.720823798627002E-4	0.03489702517162471	0.10583524027459955	5.720823798627002E-4	0.37356979405034324	0.041762013729977114	0.014302059496567507	5.720823798627002E-4	0.002860411899313501	5.720823798627002E-4	5.720823798627002E-4	0.02574370709382151	5.720823798627002E-4	0.060068649885583525	0.02803203661327231	0.002860411899313501	5.720823798627002E-4	0.09439359267734554	0.11727688787185354	0.09439359267734554
83	83	0.006074766355140187	4.6728971962616824E-4	4.6728971962616824E-4	0.002336448598130841	0.11448598130841121	4.6728971962616824E-4	0.04158878504672897	0.11448598130841121	4.6728971962616824E-4	4.6728971962616824E-4	0.022897196261682243	0.002336448598130841	4.6728971962616824E-4	0.019158878504672898	0.11261682242990655	4.6728971962616824E-4	0.002336448598130841	0.20794392523364486	0.24158878504672898	0.1088785046728972
84	84	5.399568034557236E-4	5.399568034557236E-4	0.050215982721382287	0.041576673866090715	5.399568034557236E-4	0.032937365010799136	0.004859611231101512	0.0026997840172786176	5.399568034557236E-4	0.4109071274298056	0.0026997840172786176	0.0026997840172786176	0.013498920086393088	5.399568034557236E-4	0.03941684665226782	5.399568034557236E-4	0.017818574514038878	0.09341252699784017	0.24676025917926567	0.03725701943844492
85	85	0.004610655737704918	0.0025614754098360654	0.0783811475409836	5.122950819672131E-4	5.122950819672131E-4	0.04559426229508197	0.13575819672131148	0.01485655737704918	5.122950819672131E-4	5.122950819672131E-4	0.05993852459016393	5.122950819672131E-4	0.02305327868852459	0.004610655737704918	0.09272540983606557	5.122950819672131E-4	5.122950819672131E-4	0.1398565573770492	0.33043032786885246	0.06403688524590163
86	86	0.005614973262032086	0.07406417112299465	0.09224598930481283	0.009893048128342246	2.6737967914438503E-4	2.6737967914438503E-4	0.004545454545454545	2.6737967914438503E-4	0.23983957219251337	0.001336898395721925	0.0034759358288770055	0.03342245989304813	0.012032085561497326	0.05909090909090909	0.04839572192513369	0.030213903743315507	0.015240641711229946	0.04090909090909091	0.2943850267379679	0.03449197860962567
87	87	2.2381378692927484E-4	2.2381378692927484E-4	0.17121754700089525	0.01812891674127126	2.2381378692927484E-4	0.00828111011638317	0.012757385854968667	2.2381378692927484E-4	0.025290957923008058	0.30908683974932855	0.0011190689346463742	0.009176365264100268	0.123769024171889	0.033348254252461955	0.04767233661593554	2.2381378692927484E-4	2.2381378692927484E-4	0.030662488809310655	0.18822739480752015	0.01991942703670546
88	88	0.054509632224168124	0.012478108581436076	0.13857267950963223	2.1891418563922942E-4	2.1891418563922942E-4	2.1891418563922942E-4	0.058887915936952716	0.23226795096322242	0.005472854640980736	0.001970227670753065	0.007224168126094571	0.0010945709281961471	0.0037215411558669	0.1315674255691769	0.08690893169877408	2.1891418563922942E-4	2.1891418563922942E-4	0.04662872154115587	0.10091943957968476	0.11668126094570928
89	89	5.36480686695279E-4	5.36480686695279E-4	0.11641630901287553	5.36480686695279E-4	5.36480686695279E-4	0.006974248927038627	5.36480686695279E-4	0.05633047210300429	0.22585836909871246	0.13572961373390557	5.36480686695279E-4	0.017703862660944206	0.011266094420600859	0.0305793991416309	0.05203862660944206	5.36480686695279E-4	5.36480686695279E-4	0.10139484978540772	0.24087982832618027	5.36480686695279E-4
90	90	2.0955574182732607E-4	0.0010477787091366304	0.1510896898575021	0.004400670578373848	0.003562447611064543	2.0955574182732607E-4	2.0955574182732607E-4	2.0955574182732607E-4	0.008591785414920368	0.2139564124056999	2.0955574182732607E-4	0.2072506286672255	2.0955574182732607E-4	0.025356244761106456	0.06223805532271584	0.004400670578373848	0.0027242246437552387	0.06810561609388097	0.19300083822296732	0.053017602682313494
91	91	0.09951761744966443	0.007655201342281879	0.043729026845637585	1.0486577181208053E-4	0.005138422818791947	0.011849832214765101	0.00388003355704698	0.0026216442953020135	1.0486577181208053E-4	1.0486577181208053E-4	0.010591442953020135	1.0486577181208053E-4	0.005977348993288591	0.27988674496644295	0.09658137583892618	0.010171979865771811	0.13223573825503357	0.037437080536912755	0.13475251677852348	0.11755453020134228
92	92	2.0938023450586265E-4	0.01109715242881072	0.20707705192629816	0.0010469011725293131	0.016122278056951423	2.0938023450586265E-4	0.038735343383584586	0.020309882747068676	0.006072026800670017	0.2740787269681742	0.01109715242881072	0.026172529313232832	0.031197654941373533	0.08563651591289782	0.07307370184254607	0.01109715242881072	0.0018844221105527637	0.028685092127303184	0.09484924623115577	0.06134840871021775
93	93	2.5075225677031093E-4	0.04438314944834504	2.5075225677031093E-4	0.0012537612838515546	2.5075225677031093E-4	0.13665997993981946	2.5075225677031093E-4	2.5075225677031093E-4	2.5075225677031093E-4	2.5075225677031093E-4	0.025325977933801404	0.0022567703109327986	2.5075225677031093E-4	0.012286860581745235	0.08650952858575728	0.11058174523570712	0.30616850551654967	0.0574222668004012	0.1396690070210632	0.07547642928786359
94	94	0.03981553650298779	0.049168615224733696	0.14659651857625358	0.0034424525850870356	6.495193556767992E-5	0.006819953234606391	0.005780722265523512	6.495193556767992E-5	0.005520914523252793	0.005261106780982073	3.247596778383996E-4	0.00837879968823071	0.010197453884125747	0.091517277214861	0.11905689789555729	3.247596778383996E-4	0.2570148090413094	0.019810340348142375	0.1484151727721486	0.08242400623538582
95	95	0.0025	0.0025	0.0125	0.0125	0.0025	0.0125	0.0025	0.1525	0.0025	0.0025	0.0025	0.1425	0.0025	0.0925	0.0325	0.0025	0.0025	0.2625	0.1525	0.1025
