0	0	2.4708425005414452E-5	4.474578265353365E-4	0.285488537415128	2.70059295180285E-5	1.599784970884776E-5	0.42533910351430027	0.1378439215305874	0.0036267618890775616	0.024579643699958357	0.0017683472576467125	0.0934148097499666	1.804329572406157E-4	0.013748771231462259	1.868445134642543E-5	0.013475816272518237
1	1	0.38948573852814333	3.8550509228391056E-4	0.10996134614854963	7.490105680256402E-4	0.0645757339021328	5.117649806154403E-4	0.3319193038633574	3.8208906593715266E-4	3.1458151757111474E-4	0.008962663508989601	0.001532770213616325	9.960634491579076E-4	0.004547043477983271	0.040600734578798016	0.0450756511048385
2	2	5.709481470485984E-5	3.2118326498080626E-5	0.23290604846274696	0.0027339813989554966	3.696691572217587E-5	0.03109972775073786	0.11915536499101988	3.183372053118872E-5	0.3843994426181046	7.882919603215579E-5	0.13237079592308842	0.0024206173850656516	0.0511388117737884	3.771221663464961E-4	0.04316124455665769
3	3	1.4313242918894103E-4	0.25625780050288144	0.26323784658446336	0.041178293937755364	9.267329221207738E-5	1.068894218360061E-4	0.18067111279363138	7.980475588377853E-5	6.570484071229815E-5	0.2438171912435913	0.009529128210800694	2.080420705309483E-4	1.1253428012095351E-4	0.0017825977194192593	0.002717247916972119
4	4	1.861429706706546E-4	1.0471354952683364E-4	0.11261338576683545	2.0345141161796294E-4	0.011008011553205172	0.027357735191756022	0.341659237244823	1.0378566491206242E-4	0.0011741978419116679	0.4226916308077367	0.002593839692034427	0.0013593066599874135	0.05676130044650224	1.407608650981517E-4	0.022042500333382193
5	5	0.004943167898665556	0.0032676942549823727	0.11135678311036885	0.08291205806004522	0.01576138495152767	1.9903471262243942E-4	0.3270674903084577	1.48601389926138E-4	1.22346476053912E-4	0.0019268607608847912	0.023979354552031252	0.3152815825346692	0.009562838718544873	0.10308776510290979	3.8303716831015875E-4
6	6	2.955469764628775E-4	1.662580802586835E-4	0.12521275701312606	0.06255451367343598	0.003648661176824141	2.2071060778124142E-4	0.36268680784542967	0.01745130855064255	1.35670631187716E-4	0.33749526572816047	0.0023896953464497264	0.07303297522896954	2.323663926242093E-4	0.014052710879454772	4.2475186919233715E-4
7	7	9.828745491266608E-5	0.005229235230122646	0.26871956785314305	0.08806447884044846	0.002938051193317839	0.005822226721462141	0.2114470229262237	5.480104257427951E-5	0.020166013071830784	0.07946951446151472	0.10944754907267028	0.19905227226121788	7.72760446126219E-5	0.009272447837841875	1.412559881070421E-4
8	8	0.10286628069788238	1.2988489540635521E-4	0.11132393772147121	0.023210274313595593	1.4949234613320504E-4	0.017728478466152196	0.3832743022314069	0.027138047684671148	1.0598922899935463E-4	0.3055240263527843	0.0248248053560775	3.3559504012125804E-4	1.8153033257083562E-4	0.002875528741094589	3.3182659163309545E-4
9	9	0.05184098010268793	4.4633138822297054E-4	0.006653541087648532	0.1864946962549402	5.137096670832557E-4	0.00987388820176386	0.5374333440807608	4.423763696977371E-4	3.6421725226757663E-4	0.001095447625505499	0.006415303483303463	0.0011532257054944327	6.238037539887351E-4	5.999795882253489E-4	0.1960491554384097
10	10	0.12385374987545465	6.723442475435037E-5	0.22889696135734774	1.3063198303758162E-4	7.738414744839131E-5	0.00428363563619574	0.3493981986069898	0.014746971174716786	7.539283770387327E-4	0.008553777377344023	0.05619240070406635	1.737195029674089E-4	0.20212330658119354	9.037966753647032E-5	0.010657720583908395
11	11	2.584631610917826E-4	0.0077041436783501244	0.16845988707901843	0.21646265656994124	1.6734594801222496E-4	1.9301690058329363E-4	0.3277608544512813	1.441084287660027E-4	0.0318653841590909	3.56852777228832E-4	0.09581830895873962	0.00793442141546165	0.09997866877330494	0.006242446709420122	0.036653440989709504
12	12	1.0970240328825116E-4	0.17651509217235417	0.19918939157469992	0.17464833686278688	0.025095326003965135	8.192431671807005E-5	0.22573776473173277	6.116554832396524E-5	0.008391791309581335	0.037367084923092764	0.04323582858777678	0.09833169576471548	8.625076128125763E-5	8.295669256037585E-5	0.01106568834712282
13	13	0.01247948945552044	5.922267432129107E-4	0.21371291994446176	5.27950016057099E-5	0.0011613826666552261	0.01783527048259192	0.16861462554106127	0.005677471117312049	0.43087577729421084	3.4921825115786625E-4	0.14504436631926812	0.003178005336019183	3.797742682385808E-5	3.6527001900742284E-5	3.519474181980431E-4
14	14	0.06222962629972274	0.00518233372988634	0.06287926860759048	0.005406542802091145	0.35628165943894974	0.027510709570013146	0.44453775244024357	0.020013892818485455	0.0026663106041016	5.835882404192494E-4	9.454080073947717E-4	0.0030866465874692167	0.007749157953093559	3.1963283686732455E-4	6.074700636717295E-4
15	15	0.007329836523745309	3.0780249824277877E-4	0.42051146996291217	5.992618277509074E-5	2.0755345410738152E-4	0.0021270712223442657	0.09385324120755646	0.004145080230562804	1.5543590167004434E-4	1.1918560222777907E-5	0.006835601427659602	1.2547190483021353E-5	0.4015117174221522	0.001975679271542164	0.060955118944023924
16	16	6.297563018869945E-4	3.54265420122445E-4	0.18208624492128597	0.16644313978992095	4.077454013592603E-4	0.004153734324554211	0.5444456304651774	0.004034566787437911	2.890891864095321E-4	8.694867166231439E-4	0.0014085611177298064	0.09300136109769291	4.951300867739513E-4	4.7622019534364834E-4	9.050681876820117E-4
17	17	0.08388524047247997	1.786081353241287E-4	0.2533657617607421	0.013346449793115936	2.0557085644597997E-4	0.01880771431739204	0.29677502318898114	0.0020340863370065356	1.4574857605105737E-4	4.38364549075897E-4	0.05456491234301943	0.2678782521150794	0.003963748891756158	0.003954215191158508	4.563034723716488E-4
18	18	1.615228690143232E-4	0.001980356118545354	0.16385087160022416	0.24108682956085575	1.0458046526505834E-4	1.2062316122255763E-4	0.2709617106733331	9.005850878363734E-5	0.01802432524664363	0.0361233666324002	0.0863331809393001	0.04747208374009541	0.0010717395275291477	1.221432036551027E-4	0.13249660775313246
19	19	0.03325060949560821	1.7599349031775978E-4	0.19842022958632982	3.419435612918931E-4	0.4137543927007863	0.00206350989994539	0.21191601696331427	0.0020043093412726865	0.018442368555001608	0.004091698047736874	0.037297258200901594	0.07730949496612825	2.459728417822005E-4	2.3657870505500134E-4	4.4962364452808397E-4
20	20	2.7732953485795435E-4	1.560099738334106E-4	0.21806479169423568	3.03116927525746E-4	1.795612718135609E-4	0.40410967538097964	0.15703373391801045	1.5462754285742894E-4	0.008237801287297057	0.01660388776562016	0.06550424333054301	4.03096705464784E-4	0.009950635418184528	2.0971592482502412E-4	0.11881177332395153
21	21	2.1793854135072208E-4	0.40803336205294705	0.22362909602062023	2.382034826456886E-4	1.411076598176668E-4	1.6275364578638112E-4	0.2993159812849883	1.2151356746137696E-4	0.005198929060093352	0.03344365100193085	0.027256601775933514	3.1677227619219416E-4	1.7134870832897947E-4	1.648045988963751E-4	0.001587936323007243
22	22	0.001328162972436519	0.36988549196912346	0.19746037334746808	7.82694376730083E-5	4.636547317702632E-5	0.013037851053922614	0.2981417256822403	0.001296479436998125	3.2872858586649293E-5	0.05413061702039396	0.03869443859000837	0.02020892150730778	5.630214511537612E-5	8.918533568012243E-4	0.004710275148747504
23	23	0.001472357555201849	6.522808757866533E-5	0.22003185688632293	1.2673380431649722E-4	7.507493319688758E-5	8.659146569896324E-5	0.23724142105244236	6.465009037401815E-5	5.322770357504438E-5	0.3779190268664202	0.03959510706404186	1.6853555295640667E-4	9.116438361881561E-5	0.08011560787735868	0.04289341667689678
24	24	0.030279702822363308	8.77947482206198E-5	0.2222154313638919	0.28862720906952066	0.004665235441279831	0.0010293865516807707	0.21342959882010992	8.70167839886772E-5	7.164264670640563E-5	0.05954991123179956	0.13544901288516825	0.005703867636572456	1.2270410498927098E-4	1.1801781876797146E-4	0.038563468074940356
25	25	0.007011623858950673	1.3041325126889893E-4	0.14838768869088975	0.007033180286638723	1.501004627062506E-4	1.7312594915989415E-4	0.24788153445748762	1.2925763721549798E-4	1.0642038021469109E-4	0.5237203351496742	0.0466211370708306	0.00576079706067926	1.8226877575272556E-4	1.753076096820565E-4	0.01253680935884907
26	26	0.06547911910245943	0.0026822997622188293	0.2590371670253703	0.00791680542966926	1.4164935007712157E-4	1.6337843160401253E-4	0.45017991523304707	1.2198003906164644E-4	1.0042858909683707E-4	3.020566949370491E-4	4.893292878477725E-4	3.1798831546816516E-4	0.010408923184009463	0.14220265639780644	0.06045630315732662
27	27	0.02784352057427901	0.010381380442561044	0.13701112755198025	0.0014104404090309595	7.139499189583233E-5	8.234701955195374E-5	0.25657062839040234	0.001996359199100293	5.06186459787833E-5	0.40712159570962114	0.06216273261596438	0.02982840465949683	0.03491450080302753	8.338472211789494E-5	0.03047156426499169
28	28	0.02048719722252076	6.321313541361658E-5	0.18957379263909482	0.001437323857485431	7.275580343544051E-5	0.015857976223112448	0.30023884382282284	6.265299304362926E-5	5.1583453673807225E-5	0.4069944346234403	0.006823860600079141	0.0014778343138760741	0.013890650424278141	0.04280638559448621	1.614952932372718E-4
29	29	0.003465316033434149	0.4742268875037225	0.11242680300979124	0.014664138184482797	1.7669510289605332E-4	0.0033962134715133513	0.26626161483746374	1.521593677735016E-4	1.2527582988915669E-4	0.029108508412960088	0.021361081370210186	3.96662449145011E-4	0.0369273153497422	0.03372670756069174	0.0035846215162842064
30	30	0.01276533252036658	0.03385089790418428	0.2526735952147385	0.0037955758625410453	5.84619724992865E-5	6.743006847691166E-5	0.33314702104624755	0.006387863457377791	0.0016258290747257482	0.300100587185157	2.0195754766030792E-4	0.016503166440521997	7.09910680048205E-5	6.827979388847845E-5	0.038683010843609644
31	31	9.370839163973463E-5	0.016495708525960377	0.1833030602209509	0.0022948209631083517	6.067293911213725E-5	6.998019847990655E-5	0.2723008991080182	5.2247945217213876E-5	0.0011392163353579842	0.08508484675481992	0.03145128293774091	0.4073743426628748	7.367587103932624E-5	7.086205955906627E-5	1.3467508612115454E-4
32	32	2.6486982987854125E-4	1.4900084568986155E-4	0.2795319088015739	0.05606148840740725	1.714940442329461E-4	1.978013168500465E-4	0.31264691428529884	0.0016969024611905375	0.0032200321834696573	0.2730287592655513	0.04242142043233118	0.014327984040528666	0.015700466630027447	2.0029392599557047E-4	3.806635299742203E-4
33	33	0.0034048708397654693	0.02379674307395082	0.24705304249639748	6.937744637330362E-5	0.28962871802596707	4.1866864485872254E-4	0.22343132446595387	0.010059578021163326	2.9138256917858832E-5	0.13077333363369162	0.00868109567062342	0.04204533911683181	4.2117198143466707E-4	0.020096373504732833	9.122482133766098E-5
34	34	0.0069363802689811	1.2901375217960458E-4	0.12399136416880764	0.03781009070994683	0.49244524709270626	1.7126808881345654E-4	0.2921707341955368	1.2787053932623182E-4	1.0527835496998853E-4	3.166432211845711E-4	0.042096609144283946	3.333441906655296E-4	1.8031280131614952E-4	1.7342633735957958E-4	0.00301241713392227
35	35	0.0017628871161160292	0.003326209276696735	0.2780656318225111	0.0033998514672241176	8.988892134826632E-5	9.1570547885216E-4	0.31734766726176766	0.19496401944537087	6.373073749740418E-5	0.017244260020799634	0.0019345774027595417	0.1658554120036706	0.004169290944342456	0.005789177295181911	0.005071690805861527
36	36	0.08405653468709735	5.328846857105787E-4	0.013484423607546474	0.16171325741439788	6.13329068296206E-4	7.074140557710116E-4	0.4089473572370593	5.281627036600005E-4	4.34846845026324E-4	0.0013078785831174373	0.0076593694072224485	0.10664858746800379	0.1004758819856619	7.163285906849718E-4	0.11217374366074435
37	37	9.77815386833574E-5	0.32090414209927937	0.34626184015020656	1.0687372186889552E-4	0.0063544696845984775	0.017802653356554465	0.233807506372339	5.451896449172057E-5	4.48865463976197E-5	0.02758733667270953	2.1870566917468517E-4	0.04646793588008338	7.687828067478217E-5	7.39421635214487E-5	1.405288994166911E-4
38	38	1.1041085304037358E-4	6.211092627612061E-5	0.29734459724170453	1.2067736873476677E-4	7.148720457813516E-5	8.245337770608882E-5	0.11353610455895007	6.156055076921419E-5	5.0684024249671706E-5	1.5244114239425517E-4	0.041577665155267986	1.604814688450933E-4	0.18801238795741232	0.020103055946511995	0.33855388222355937
39	39	0.030340435140061035	2.856073539174553E-5	0.3039163193401827	6.494065845220147E-4	0.03566777161205658	0.04458153907032501	0.27076851311338873	0.11257519807607784	0.01041681856181925	9.609701522208285E-4	0.0817768686220077	0.022642564470043206	0.031814369101445424	3.839268021901295E-5	0.053822272740238875
40	40	0.0015261806719818975	6.761254844734639E-5	0.3061077241289038	0.07746081206175709	0.27283986316158815	8.975688061737408E-5	0.1840503999150907	6.701342212841963E-5	5.517348155222918E-5	0.0022749288518762348	0.057914414415711074	0.06063226290567767	9.44969649258229E-5	9.088795914133649E-5	0.03672847263060082
41	41	0.01846608108606141	2.1735830548037444E-4	0.09363868035605798	0.06144128769487583	2.501707603192878E-4	2.885470807447783E-4	0.46060058045456825	2.1543225647850864E-4	1.7736965597420703E-4	0.03443290111798386	0.009904065889820854	0.29209671089834666	3.0378532744274E-4	2.9218322990613065E-4	0.02767484588593918
42	42	1.7455043210592218E-4	0.37172193880211635	0.1842128093300857	1.907809447895193E-4	1.1301536131230791E-4	0.056282291702302784	0.3142558517703612	0.004181099576921275	8.012725280197056E-5	0.018617995301705208	0.03918629847867965	0.009442207165036026	0.001158180255073483	1.3199461541826157E-4	2.5085901129031886E-4
43	43	2.199007260673006E-4	1.2370376107715732E-4	0.1999185562466685	0.08512941198978073	0.015576753355455395	1.6421897961100074E-4	0.3264485992802056	0.011698389037688224	0.002673341148101894	0.027313767399427733	4.918467851307572E-4	0.30514853546630044	0.018179662550614692	0.006597278085313719	3.1603518855680135E-4
44	44	0.4045864160489181	1.1679365235792861E-4	0.18025062359182317	2.2692224213208487E-4	1.3442484632126352E-4	1.550456853393332E-4	0.3422149575881064	0.001330109471661115	9.530645674161908E-5	0.005144053969530336	0.044180999077282124	3.017700428240057E-4	0.002591935184014844	1.5699950596805956E-4	0.018513642636979587
45	45	3.603264016836409E-4	0.06342910375874093	0.28964804163089564	3.93831229842487E-4	0.03395404789507263	2.6908703336105117E-4	0.28622380394667085	2.009031823730486E-4	1.6540758066648127E-4	0.12484275450473249	0.06613988483011	0.038459574774449855	0.008713484846273498	0.08668189733327038	5.178510518570617E-4
46	46	0.044616300405654764	5.420042441275563E-5	0.3090663742128753	1.0530779356535938E-4	6.238253171416749E-5	0.005143845260894013	0.275465222266347	5.37201452115069E-5	4.422886261695895E-5	0.004641375631865822	0.005850938072249158	1.400424086917957E-4	0.029380023772682673	7.285875288824391E-5	0.32530317945833037
47	47	1.8965321146105653E-4	1.0668821325725843E-4	0.2999868526320671	0.05012490687625458	0.30739346976820603	0.010125154297268674	0.20833283486154025	0.0012150232491504656	8.706017301764143E-5	2.6184882570639076E-4	0.09804086969410783	0.01025918349513455	0.012351194679346143	0.0012526957190505754	2.7256430443141957E-4
48	48	0.3017444984693278	0.05326906685092395	0.07094778993436872	0.03120592914474489	3.0879057925178107E-4	3.5615920937712007E-4	0.5127378600629827	2.6591217607770963E-4	2.1893077648268164E-4	0.022974589688918582	0.0010667205614223292	6.932032944397689E-4	3.7496807024735003E-4	0.0031501619737500444	6.854192076845625E-4
49	49	0.39692864635352654	5.8806921918297256E-5	0.2118232053686591	1.1425790961387425E-4	6.768442703775936E-5	7.80672521788817E-5	0.2842024856473507	5.828582375729893E-5	4.798787645357415E-5	1.4433200236077556E-4	0.041811689349512994	0.006877776974932765	0.0031393865282707666	7.905102291330267E-5	0.054568336541513336
50	50	0.0016055696924702106	9.032030643194593E-4	0.060419042319670414	0.0017548630453633357	0.40485112495301717	0.0011990183993804168	0.486536506028873	8.951996279811515E-4	7.37035635418389E-4	0.030389665192452994	0.003591139991521291	0.0023336852807990254	0.001262338874215907	0.0012141279258261527	0.0023074799686910257
51	51	0.3318390431371774	4.8053241473055095E-5	0.26951671246160036	0.003590766868220956	5.530736876399675E-5	0.0165515468464382	0.2417249768736214	0.021531672217699343	3.921261204942016E-5	0.029096417858151175	0.04066100475928075	0.04459113580468663	5.667893436673282E-4	6.459542123327875E-5	1.2276518593666883E-4
52	52	0.20715411214216115	0.008133624162370902	0.4201717431078648	0.009459408882398353	3.5876653091014225E-5	3.654782736911063E-4	0.2585683969112907	0.04605282845548251	2.5436344391877173E-5	0.011744036755271263	0.006281800660923127	0.002673324411685728	0.017868962264919918	0.0013382941008924126	0.010126676873565119
53	53	0.0051396348659151405	1.200649562736375E-5	0.30802549975015403	2.3327816648466152E-5	1.3818998695400665E-5	0.0239845240890919	0.22118622301539917	0.3865053372449227	0.003005870748149288	2.9467986058527627E-5	0.012531376038412687	0.00290225901450321	0.030227184898670514	2.658124576248585E-4	0.006147656580126787
54	54	0.0018390483713931365	8.14731501915566E-5	0.13929333909254102	0.002699624561130377	9.377235382831772E-5	0.1009141553893027	0.29802064234429276	8.075120271750676E-5	6.648406919015146E-5	0.07728690244784804	0.048609163741704924	0.3305831088524338	1.1386888370349528E-4	1.0952003016855359E-4	2.081455095536282E-4
55	55	0.3546692830638132	1.662580802586835E-4	0.09063970958996993	3.2302831175495307E-4	1.9135643450852858E-4	2.2071060778124142E-4	0.3782446791858499	1.6478483906448734E-4	1.35670631187716E-4	0.14388620015848616	0.005847000088765339	4.295756403416727E-4	0.007146975877255434	2.2349191019232066E-4	0.0177112755807704
56	56	0.0020544216175010454	0.3648212100251014	0.21343496991246158	7.689526593483332E-4	0.05384612113580828	7.306048446887424E-4	0.2195090475052926	6.175997136115388E-5	6.987325768952596E-4	1.5293496355849704E-4	0.03523350909424159	0.10835769040976777	8.70889690777297E-5	8.376288772249037E-5	1.5919342717353604E-4
57	57	1.1811490094508599E-4	7.57298088268481E-4	0.23657147908313167	0.009801043955658013	0.3316860586484819	0.006305886347309095	0.2230136554838067	6.585601103518173E-5	5.422056200905568E-5	8.539312020914513E-4	0.1467250841309345	0.04369543706653476	9.286487642759837E-5	8.93182029818861E-5	1.6975144038462064E-4
58	58	0.013803989195129795	0.08873432436644733	0.12595878901350693	0.02923444972887783	2.1308954120859993E-4	2.457775839770878E-4	0.3769288307546884	0.002108482358953953	1.5107928107838508E-4	0.08707859902912891	0.002661102493423617	0.27190086210327874	2.58757162380047E-4	2.4887476989749553E-4	4.7299261802276327E-4
59	59	0.0011319344744092892	0.002026300267254253	0.15218557390685536	0.010813944907662958	1.0700672607905427E-4	0.019456707293067126	0.34684783531978186	9.214786103766345E-5	7.586716436143299E-5	0.006994833866481395	0.061269505846398065	2.4021916479754948E-4	0.3935623031557381	1.2497691899546957E-4	0.005070843127080416
60	60	2.0586707807370626E-4	1.1580922125690581E-4	0.1401996389088055	2.2500955845314617E-4	0.46371765159844974	0.03627719544251112	0.2851453090040344	0.0025230134564871638	9.450313705556967E-5	2.8423485281331467E-4	0.00888926459622428	0.0015033417017549181	0.008590664364989946	1.556761875051133E-4	0.052072820891585166
61	61	0.032777241862910894	1.0448603139357446E-4	0.22426619792312838	0.008894076915800195	0.014243244043939143	1.3870709596576874E-4	0.3691628609259461	1.0356016285577118E-4	8.526313913531053E-5	2.5644392935099766E-4	0.06451206022433054	0.24905177856866345	1.460322539317707E-4	0.0055723722474717696	0.03068567467517629
62	62	2.7732953485795435E-4	0.4624541314844269	0.0850527005929421	3.03116927525746E-4	0.008290054631648535	0.0131838954369339	0.3825054493214227	1.5462754285742894E-4	1.2730792746208432E-4	3.8290104595021E-4	0.0022423951238302177	0.021490379441035715	2.1804338638256064E-4	2.0971592482502412E-4	0.023107951677898832
63	63	0.015258998624322785	1.7960876857698075E-4	0.3145440924693509	3.4896780474991617E-4	2.0672254550204583E-4	0.005840828487905876	0.16398020357682613	0.11782830382420013	1.4656511708648033E-4	4.408204402584617E-4	0.2658941364457913	4.640709892258368E-4	2.510256438241875E-4	0.046928060198158976	0.06768759506421988
64	64	1.2706908262319122E-4	7.148190785100926E-5	0.3109909396623886	0.011287278306216855	0.27358953278426246	0.09002526975966733	0.19309686123110095	7.084849447872691E-5	5.8330972795784226E-5	9.186669387592959E-4	0.07609328991720253	0.034373101593117225	8.431311269122199E-4	0.008271578082141531	1.8262014048225366E-4
65	65	0.038695677303999663	1.478555404556634E-4	0.22203997306898673	0.001824587146336106	1.7017584348324948E-4	1.9628090344252003E-4	0.2087810256915154	1.465453673040758E-4	1.2065371178958405E-4	0.05878080930834482	0.09282669857737777	0.346277618106325	2.066465492187164E-4	0.029407715347814622	3.7773753360601653E-4
66	66	0.02514273963482635	1.261373245776991E-4	0.1959824520052614	0.022540587921882328	1.4517904123563839E-4	1.6744957916106843E-4	0.36959268170111426	1.2501960023970348E-4	0.0014144317996372714	0.019982093690287386	0.05689605186222537	3.2591211141222377E-4	0.04083281369801453	0.002792561067344889	0.26393388896277986
67	67	0.006843429245157827	1.578017640567845E-4	0.17791034314247806	3.065982558917114E-4	0.02807401040016069	2.0948469511818452E-4	0.2179035131033758	1.5640345572215465E-4	1.287700717992671E-4	0.4089287296103425	0.03836417929712691	0.08408488685892603	2.2054763658138957E-4	0.0363081545733034	4.03147889959271E-4
68	68	1.2763826728760897E-4	0.06875489957306823	0.2922269754703937	0.04045349866385025	8.264135883681174E-5	9.53185848366518E-5	0.24771379559390846	7.116584843865089E-5	5.8592256614715884E-5	0.3495641571746061	2.854855122481834E-4	1.8552140528855393E-4	1.0035238419754787E-4	9.651974962203269E-5	1.8343815680243555E-4
69	69	0.27149869650144176	6.997372488604751E-5	0.12108804607739644	0.021234761080913205	0.017541618480124324	0.003003071636238744	0.416016807452172	0.013165164806201658	5.7100258869071286E-5	0.0030819193508889444	0.06357463635082934	0.05183649673278725	9.779700333933395E-5	0.0037317872772724974	0.014002123266639261
70	70	0.011210370579422212	0.04625876314429836	0.1630066584906911	0.050363880642104154	0.005128722764982087	1.2812817502753248E-4	0.22861249229185024	9.566183027534974E-5	7.876028503417004E-5	0.46988756275153565	0.009415496215115506	2.493796894792484E-4	1.3489465741574317E-4	0.01518264911630206	2.4657936646655743E-4
71	71	1.38719368625682E-4	0.033344152321830564	0.19345767347741094	0.04315415913778669	0.001712553384357349	0.07312677662903433	0.21972593753418776	0.0033228190069427336	6.367902837189623E-5	0.32879584861270167	0.031142280876401987	0.06997933574606773	0.0017318020180779768	1.0489925170566063E-4	1.9936360649705427E-4
72	72	1.1470732576664916E-4	6.452787980379134E-5	0.19284573872565733	1.2537334751918966E-4	7.426902191121318E-5	8.566192721683274E-5	0.3232564502130147	0.3013081196341917	0.03091508732628823	0.0068675972932323425	0.06667788209053467	8.376487777227312E-4	0.02893984952549468	8.674140285736024E-5	0.0478003455087886
73	73	5.107403560228997E-5	2.873137533642461E-5	0.3108105471741553	5.582313746725942E-5	3.30686697112716E-5	0.05022506817981797	0.12361786587811943	2.8476781721211003E-5	0.3874784693520014	7.051647659176169E-5	0.09750077254498363	9.704309048487329E-4	4.015567863931517E-5	3.862206243690037E-5	0.02905037774856708
74	74	1.265049518176136E-4	7.116455963830675E-5	0.4346578810094285	1.3826797182416194E-4	0.03263868028214756	0.0015743255445108183	0.1922395961463766	0.0059899471775860386	5.8072008947190207E-5	0.0038742950714649644	0.027660236791176237	0.038660060063582254	0.04301520718286777	0.14660113991547336	0.07269462132315861
75	75	8.580719922977612E-5	4.8270296610897245E-5	0.24062096635703245	9.378595252554398E-5	5.57442948943277E-4	0.07835825799460702	0.14545100466314817	4.7842565283117E-5	0.11798254294723266	6.203573317176102E-4	0.10608981795803207	1.2472021536544627E-4	0.01713157954080749	6.488719693102482E-5	0.2927227168325334
76	76	0.010403995956255862	0.004646904285206655	0.2466674580818883	0.005884235486702573	1.2557995575692896E-4	1.4484398411498354E-4	0.27885772745666654	0.00918373287851822	8.903547929196316E-5	0.01955342046617956	0.109340907595205	2.8191416738566666E-4	1.5249323274700146E-4	0.3143890024643802	2.7874850970046293E-4
77	77	0.003651149366885895	1.1074206541059268E-4	0.2768426109628749	0.008275174102826922	0.004733179532678481	0.0623242296929202	0.3567233514400778	0.005866910538744041	9.036821482546697E-5	2.7179834490377667E-4	4.403110170350182E-4	0.05440334193476889	0.22583504712542365	1.4886467893017555E-4	2.829209816941367E-4
78	78	0.02640242714683084	7.893230732213247E-5	0.1932183660608074	1.533601851863069E-4	9.084794479278138E-5	1.0478406520475687E-4	0.3182713711970291	7.823287468993208E-5	0.00909201234580908	0.37442885009287113	0.0027759084382598417	2.0394435211084912E-4	1.1031773905612291E-4	0.019802689963322954	0.055187955286706745
79	79	2.7778012162434003E-4	1.5626344856580615E-4	0.2720353159939484	0.060418773001752565	0.4226107322908402	2.0744255348846728E-4	0.17191147934805978	1.5487877150700634E-4	1.2751476899953464E-4	0.002008257309431802	0.05261279710311649	0.015026358990130126	2.183976489188326E-4	2.1005665745011176E-4	0.002023951992166519
80	80	9.263849771367577E-4	0.012415771395221976	0.3731338691258571	7.973898187936922E-5	0.07429562125433567	0.008588779188025865	0.21796978545344833	0.21766525430554098	3.349006142237621E-5	9.541569820811135E-4	0.0475285265290226	0.04576452978542618	5.7359243436506966E-5	4.818834504963641E-4	1.0484926666876483E-4
81	81	0.02605410887113132	9.574839574684605E-5	0.21248069889506338	1.8603271842923492E-4	0.12455204256655164	1.2710772665295157E-4	0.33231843920144843	9.489995288817132E-5	7.813301624783652E-5	2.3499882718184612E-4	3.806961099601507E-4	0.3028899483750432	1.3382031889597602E-4	1.2870948485642247E-4	2.446155399025568E-4
82	82	0.03696345745628562	2.19842483820996E-4	0.11756678308640259	0.039285586975326234	0.39798067170140355	2.918448724102571E-4	0.2875730623897057	2.1789442209133112E-4	1.7939680583020553E-4	5.395675348887484E-4	0.02601779632720691	5.680263817239387E-4	3.072572763474025E-4	0.09172716436071998	5.616479258365376E-4
83	83	3.192796910475266E-4	1.7960876857698075E-4	0.28092972486948153	0.005951362404728138	0.26538673361113796	0.007708293354565284	0.4254252849091432	0.0020454820913168702	1.4656511708648033E-4	4.408204402584617E-4	0.0025815902468148432	0.007933930455863467	2.510256438241875E-4	2.4143853167379127E-4	4.5885986448121507E-4
84	84	3.688781083869848E-4	0.06277691510638739	0.12175950204565616	0.19674165606784205	2.3883580347860587E-4	2.7547333582521804E-4	0.3404832624215474	0.0023632369541227863	1.6933323559978634E-4	0.26588987966377875	0.0051401923779847555	0.002693727663459042	2.9002115463932707E-4	2.789447351422736E-4	5.301413261495013E-4
85	85	3.4999943885160277E-4	1.9688996819222413E-4	0.2608752774517063	0.02085398876468903	2.2661251859242384E-4	2.6137499289130296E-4	0.474546492813266	0.03499660136219768	0.0063021004197025415	0.0025303788019839747	0.002829979992668768	0.19294030256625025	0.002322322749214048	2.6466873081007545E-4	5.03009428983823E-4
86	86	0.03973442367410514	1.0281065449895659E-4	0.19501507797083262	0.0023376819635371375	1.1833097220777647E-4	0.002274410752321415	0.3162091240040777	1.0189963176144835E-4	8.389599090157379E-5	0.04194192310470702	0.06668453592057459	2.656409401072046E-4	0.05145395669331991	0.27486191871213733	0.008814369014910109
87	87	0.018050321943985856	0.02424745779992742	0.11045670079787791	0.1594534315550618	9.9058918445245E-5	1.1425460634420435E-4	0.27902737292654983	8.530367936581905E-5	0.0018599649152836668	0.374265370412869	0.015554928122239294	0.016329971463635354	1.2028842194669675E-4	1.1569439492209186E-4	2.1988004154578788E-4
88	88	1.496470742905225E-4	9.594677925342565E-4	0.2655909341932827	0.0019141315135615098	0.034232997658151125	0.003612893587121592	0.23791027148212418	0.02721726518541174	0.04820935819763579	2.066134834812253E-4	0.15263426354046725	0.22516569912218787	1.1765625632791226E-4	1.1316275635146575E-4	0.001965638157070822
89	89	0.013228647232927708	2.0617553243717506E-4	0.1188327678449651	0.04970546063579004	2.3729983354005862E-4	0.0024173919816151876	0.41332274868790075	2.0434857589377475E-4	1.6824424158929868E-4	0.37136443476295466	0.011538206140243841	0.017682235750426982	2.8815600808851404E-4	2.771508218283808E-4	5.267319497985215E-4
90	90	0.269103412778063	8.058570654641148E-5	0.1972657214137633	9.94454748803184E-4	9.275094150659476E-5	1.0697898257134658E-4	0.2553940025410737	7.987162286179985E-5	6.575989362350812E-5	0.26077912370242506	0.01037499461663564	0.0018839806246437395	1.1262857058211914E-4	1.0832708679321252E-4	0.003557406770107392
91	91	0.0030073448381651487	4.0334849827046927E-5	0.25935732888824714	0.006788411350531473	4.642380711560947E-5	0.09902668597486954	0.20625373037628528	3.997743584611761E-5	0.1862366196627199	9.899531297603117E-5	0.038743121345721894	0.001362349847728168	0.008863304995033938	5.421999713422225E-5	0.19008115131779849
92	92	1.4313242918894103E-4	8.051824175133908E-5	0.18370568379097527	1.5644154953517683E-4	0.035254261053543665	0.004292792726756434	0.19741472601331309	7.980475588377853E-5	6.570484071229815E-5	0.299908295529525	0.11668825281676362	0.15341210303061859	0.006809979567993636	1.0823639745108849E-4	0.0018800672559880333
93	93	0.0021764426659654323	0.0010989413554524966	0.13677769407501547	0.02124027988651171	1.1097595633406477E-4	0.0011305207550799156	0.21334548799168476	0.031173717895797443	0.0020837233886770823	0.002241690028532902	3.833677009573817E-4	2.4912968109578075E-4	0.17156585576515954	1.2961272261484516E-4	0.41629256013112115
94	94	0.010435413143787277	2.49846016086457E-5	0.304828735883348	4.8543407123151705E-5	2.8756282245095775E-5	0.007826417152045828	0.17659737222551453	2.476320879421427E-5	0.02443923691883566	0.02603881943680892	0.1390789575127918	6.455491497325285E-5	0.0013337940355621582	0.010684359983689228	0.29854529129287216
95	95	0.001701438614113994	9.571335191653325E-4	0.18344711929937377	0.0018596463061464116	0.001101622593567223	0.0012706120533455738	0.4160706729789325	9.486521958721347E-4	7.810441963123675E-4	0.0023491281781365535	0.0336606784031941	0.2910724330767296	0.0013377134077460682	0.06099684506910633	0.002445260108257994
96	96	1.7054572509934328E-4	9.59394177896572E-5	0.3675203389771157	1.8640386146120822E-4	0.008090589276748978	1.273613118687971E-4	0.1843508212397949	0.0010926101353231038	0.0020733306010158967	2.3546765964296837E-4	0.09614345750939379	0.14788097337534514	0.0011316081490843123	0.1906554492022095	2.4510355810663284E-4
97	97	3.7701239855197243E-4	2.1208593763044558E-4	0.19721419570083795	0.2760549566236475	0.031116105914506444	2.8154791709033514E-4	0.3391708331877999	2.1020660797897397E-4	1.730672757654333E-4	5.20530356839515E-4	0.005253540975680668	0.14608742989793347	2.964165361276373E-4	2.850958657300028E-4	0.00274697480387985
98	98	0.07468660392598019	9.555813286878861E-5	0.2706783080552624	0.20287118493809525	0.022961782644766764	0.007081750508133427	0.3922650301945087	0.026920736331685822	7.797775711867131E-5	2.345318579668427E-4	3.799396237863479E-4	2.4690196141501845E-4	0.001127110882647655	1.2845372457103013E-4	2.441294611930765E-4
99	99	2.3829001349946578E-4	1.3404853828444824E-4	0.2765683673758502	0.06576701513164307	1.54284533403015E-4	1.7795185840540424E-4	0.22552237375604425	0.02243296889928829	0.24541057693021276	3.2900028284101865E-4	0.11482103213535264	0.04773408291022287	1.873495425259405E-4	1.8019433300965862E-4	3.4246375941686706E-4
100	100	0.003504589001647083	7.429269885691621E-4	0.33713228964736774	0.16752919580406148	7.502405167826397E-5	0.006863963867703382	0.27029004464917433	0.002097835600852854	5.319162886574502E-5	0.004904184967700762	0.007036602526970736	1.6842132914678964E-4	0.06244346861430301	0.02380863203938552	0.11334962928257307
101	101	0.05013636837550546	2.8082330680044896E-4	0.10930028073558268	0.17281578416780682	3.2321645139061985E-4	3.727980175557689E-4	0.3293834425050512	2.783348836018586E-4	2.2915863834442797E-4	0.015288401404002	0.004036388176691982	7.25587903180232E-4	0.2690171469889293	3.774958616489767E-4	0.04743477258390826
102	102	0.3500011573868376	0.010511538041038736	0.1982682490745324	1.9455490980428754E-4	1.1525099349347042E-4	0.009503193608926236	0.24759253244819113	9.924733633139136E-5	8.171230339042293E-5	0.05959076351340226	0.1013887487923239	0.001299867042096596	1.399506511145846E-4	0.014710570441219659	0.006502663457297278
103	103	0.0053930461285432146	0.008369618415919567	0.17723406510245657	0.008399863445120698	3.6917601602651667E-5	0.035060261109308294	0.27340770608083165	3.17912541293127E-5	0.0030276898277831034	0.00441424636379775	0.08083494788936582	7.498796777471755E-4	0.046735069921120344	0.0010436225176250562	0.35526127466464874
104	104	0.028278443690862146	1.7927398071648654E-4	0.17229500772960007	0.0022123012765009925	0.01511820875508037	2.3798945098929542E-4	0.3183852143077734	0.01136158905622199	1.4629192206175393E-4	0.07686334038558999	0.0063047460883205115	0.3322523476684644	0.033802268694493175	2.4098849412773857E-4	0.002321988499197584
105	105	2.23640117011198E-4	1.2580733177549325E-4	0.2425602406245653	0.31548921148746034	1.4479923265162651E-4	1.6701150774929124E-4	0.3555450796795017	0.006665040586955758	1.0266183805001626E-4	3.087735850560418E-4	0.005732489037275557	0.001633129091033738	1.7583142909423556E-4	0.004093324949885492	0.06703295950193414
106	106	2.3404931195491305E-4	1.3166295848192257E-4	0.2661706376900927	0.09608251709922323	0.0015204917515710891	1.747849580820824E-4	0.24067423104091454	1.3049627055984682E-4	1.0744017165055365E-4	0.011274768670880373	0.022426739404088118	0.35489899690655813	0.0015529683229613582	1.7698752473812598E-4	0.004443227918243021
107	107	0.019984508630634442	7.95196569666308E-5	0.2641071686787077	0.0018080973099868722	9.152396086133082E-5	1.0556378247814065E-4	0.26441742422613607	0.0017324109635189267	0.00833286969022579	0.325126770988373	0.07472798803231981	0.0018590578828910234	0.01582030009940577	0.010028469715681616	0.011778326381812872
108	108	1.0991398176353027E-4	6.183141448543232E-5	0.22721766541311306	1.2013429605089384E-4	7.116549762960078E-5	8.208232074988644E-5	0.19081439617699936	6.128351578015662E-5	0.001336228285623021	0.054154193817146944	0.10117897147737523	0.0027313039691869564	8.641710954726236E-5	8.31166876926612E-5	0.421891296036856
109	109	2.5161630680027813E-4	0.41957666242883496	0.2743749394660032	0.0017467149295395464	1.6291284691776568E-4	1.879037595518632E-4	0.2572667690165663	1.402909044048111E-4	1.1550428824976845E-4	0.012121016845975175	0.02263831676689027	3.657226929124508E-4	0.0016695291720260751	0.009020484638965065	3.6161593636236983E-4
110	110	0.2279479666377713	4.2843719940896925E-4	0.15338972782904853	0.018650962786262784	4.931141678176442E-4	5.687581291117892E-4	0.520341356526987	0.009333909749471228	3.496151596221521E-4	0.009960798261540197	0.006158102993133132	0.0011069909143419712	5.987943944606059E-4	0.03175836689820828	0.018913098352814378
111	111	0.010546458984710827	2.4318945556680638E-4	0.13763783179936798	4.7250082008720105E-4	0.2683050283773976	3.2283839955703854E-4	0.4167259475636716	0.02046934598337573	1.9844850177272758E-4	0.0233537192756196	0.0034954614498701147	0.051199128685822666	3.3988757975781346E-4	3.2690667352041285E-4	0.0663633064499019
112	112	9.40693072072256E-5	5.291809313942387E-5	0.27699466842103343	6.530270847696956E-4	6.090661944607349E-5	0.39567179692226473	0.1512028672877796	0.014908140100834119	0.02205161344758508	0.004531565031884233	0.07668970032783215	0.029297900209395687	7.395963184602942E-5	7.113498304000343E-5	0.027645732531942538
113	113	0.03271560577240312	9.20815793740648E-5	0.23689537647813555	1.7890833986927568E-4	1.0598223367862333E-4	1.2223996161560993E-4	0.37416418090939013	9.126562880041782E-5	0.18964219207195127	0.0021408179238739064	0.032918034723674036	0.12470113476233113	1.286954859156309E-4	1.2378037828787386E-4	0.005979703750699292
114	114	9.897021004420605E-5	0.0023711795619752655	0.23295928388064296	0.005896934163874118	0.023219124754113963	0.2935641046472648	0.1723945138265082	5.5181718755838754E-5	0.024937105547645593	0.009398663358054872	0.14551927152774496	0.011142498928048694	0.0012355650921873178	0.015704496388526862	0.061503106394612345
115	115	3.351562343200606E-4	1.4848023924302498E-5	0.3380067473904898	0.003425228476220152	9.433748739077008E-4	0.0034160907806921057	0.1381414155772398	1.4716453052897887E-5	0.352309326046146	0.003278440916251373	0.11244832971026754	0.017020262948995307	0.0287355990300236	0.0018725301886685518	3.79333498007874E-5
116	116	3.934991138319465E-4	2.213604349202674E-4	0.09766438481404258	0.07177887613571847	2.5477705204879624E-4	2.938599799417594E-4	0.4000342164160054	2.1939892236711925E-4	1.806354907917413E-4	0.005146440688085176	0.007784851603086747	0.023587686394128178	3.0937880223395696E-4	0.1706140238989234	0.22151661025387454
117	117	1.563528860504828E-4	8.795532604923498E-5	0.36894299106139133	0.0010853983345274658	1.0123308029678548E-4	1.1676228571699752E-4	0.3272188360826623	0.20036421516655892	7.177368211430327E-5	2.15872008139081E-4	0.0058367529957057945	0.07887486236559861	1.2292853252213244E-4	0.01657936018687903	2.24706005787546E-4
118	118	1.3860690731975158E-4	8.886833506540851E-4	0.18519372610464668	1.514952235510299E-4	0.3592346774444203	0.005778486209456128	0.3508829711560782	7.728151101143292E-5	6.362740308869294E-5	0.0026235033748849648	0.05138480630383962	0.017226393417518394	9.196871147080359E-4	1.0481420873758184E-4	0.02533124027008511
119	119	0.014014018966665355	1.1074206541059268E-4	0.20545395371994973	0.08426955116787631	0.0012788896660853265	0.002449872005305536	0.34636048184029833	1.0976076108878525E-4	9.036821482546697E-5	0.04172327674402162	4.403110170350182E-4	0.12694342913322512	1.547758413376101E-4	0.15444047872009106	0.022160090136784112
120	120	0.04207854785081698	1.4365939868299005E-4	0.26951112757257956	0.030152815722841078	0.2929275585784544	1.9071044936568956E-4	0.29098321866503085	1.4238640825904236E-4	1.1722955819677243E-4	3.525885727987663E-4	5.711905020573697E-4	0.0063459244641137485	0.015137629485720203	0.05097839543260066	3.670173384818703E-4
121	121	3.4505479966542163E-4	0.008267001639813294	0.36213735769890765	0.008450032850180764	2.234110359180862E-4	2.576824011649313E-4	0.3043662189995541	0.01835639817111053	1.583971625263395E-4	0.014603970586213566	0.00682644589506075	0.26085234216332237	0.012380630546702956	0.0022791529183648213	4.959031314945103E-4
122	122	0.0010587315065371844	5.955827053042636E-4	0.015070970712813965	0.025927232481435615	0.5208566508813756	7.906468104718444E-4	0.395138050155473	0.01297533273797125	4.860099516811101E-4	0.0014617606503438815	0.0023680398747186805	0.0077313732707145555	0.013217428667595468	8.006102096142047E-4	0.0015215793839493837
123	123	1.7671543158151337E-4	9.941014710572583E-5	0.18546404663724025	0.08184813396872741	1.1441712351376966E-4	1.3196876779275463E-4	0.3822373184158946	0.037308396619602856	8.112109428493842E-5	0.02298334938725739	0.010731329519476897	0.274162822836729	1.3893807288799744E-4	0.004268061489768909	2.539704881359407E-4
124	124	0.009485854480697165	6.926818472476763E-5	0.23942186377358302	0.15930083364844808	7.97249242454029E-5	0.06130974330849569	0.3052311661661935	6.865438753052037E-5	5.6524520962918444E-5	1.7000746638485645E-4	0.05501131570407444	1.7897430766763113E-4	9.681092301245284E-5	9.311354308678357E-5	0.16942614466089279
125	125	2.0173751937496104E-4	0.002473409079917587	0.22588443535431202	2.2049601414044973E-4	1.3061805901789226E-4	0.014310192429503677	0.38208212777271394	1.124805439099033E-4	9.260746604620695E-5	2.785332879011166E-4	0.003991105941294771	0.35428166155820695	1.5861106141278446E-4	0.008412283630341917	0.007369700281905755
